 0.00000000e+00 6.66666667e-05 4.32000000e-03 1.46666667e-04 0.00000000e+00 1.46666667e-04 2.78133333e-02 4.18666667e-03 7.06666667e-04 3.73333333e-04 3.06666667e-04 8.00000000e-05 6.66666667e-05 5.53200000e-02 0.00000000e+00 0.00000000e+00 3.38666667e-03 1.86666667e-04 1.41333333e-03 2.13333333e-04 1.84000000e-03 6.66666667e-05 6.84000000e-03 8.53333333e-04 0.00000000e+00 1.88000000e-03 6.66666667e-04 1.60000000e-03 2.99600000e-02 1.95600000e-02 0.00000000e+00 4.80000000e-04 8.00000000e-05 1.89333333e-03 0.00000000e+00 0.00000000e+00 0.00000000e+00 0.00000000e+00 0.00000000e+00 0.00000000e+00 0.00000000e+00 1.06666667e-04 0.00000000e+00 8.00000000e-05 0.00000000e+00 0.00000000e+00 0.00000000e+00 1.20000000e-04 0.00000000e+00 0.00000000e+00 0.00000000e+00 0.00000000e+00 0.00000000e+00 0.00000000e+00 0.00000000e+00 0.00000000e+00 0.00000000e+00 9.33333333e-05 0.00000000e+00 0.00000000e+00 0.00000000e+00 1.46666667e-04 1.20000000e-04 0.00000000e+00 0.00000000e+00 0.00000000e+00 0.00000000e+00 0.00000000e+00
 6.66666667e-05 0.00000000e+00 9.30666667e-03 0.00000000e+00 3.86666667e-04 1.86666667e-04 8.00000000e-05 0.00000000e+00 4.88000000e-03 0.00000000e+00 1.74666667e-03 0.00000000e+00 2.36000000e-03 2.40000000e-04 2.40000000e-04 2.13333333e-04 9.29333333e-03 7.73333333e-04 9.25333333e-03 9.33333333e-05 0.00000000e+00 1.14400000e-02 1.44000000e-03 7.26666667e-03 1.44000000e-02 1.63466667e-02 5.84000000e-02 1.33333333e-04 4.40000000e-04 1.60000000e-04 9.20000000e-04 2.93333333e-04 0.00000000e+00 2.14666667e-03 0.00000000e+00 1.33333333e-04 2.21333333e-03 0.00000000e+00 0.00000000e+00 0.00000000e+00 0.00000000e+00 0.00000000e+00 0.00000000e+00 0.00000000e+00 3.73333333e-04 0.00000000e+00 1.08000000e-03 0.00000000e+00 0.00000000e+00 0.00000000e+00 5.73333333e-04 0.00000000e+00 3.33333333e-04 0.00000000e+00 0.00000000e+00 0.00000000e+00 4.26666667e-04 4.66666667e-04 0.00000000e+00 2.48000000e-03 5.52000000e-03 0.00000000e+00 0.00000000e+00 0.00000000e+00 2.66666667e-04 0.00000000e+00 0.00000000e+00 1.46666667e-04
 4.32000000e-03 9.30666667e-03 0.00000000e+00 6.66666667e-05 0.00000000e+00 5.73333333e-04 6.36933333e-02 1.19600000e-02 0.00000000e+00 4.62666667e-03 9.33333333e-05 0.00000000e+00 0.00000000e+00 1.37466667e-02 0.00000000e+00 1.60000000e-04 8.91466667e-02 4.13333333e-04 8.10666667e-03 0.00000000e+00 2.92000000e-03 5.06666667e-03 1.56693333e-01 8.00000000e-04 0.00000000e+00 7.80400000e-02 1.37346667e-01 7.48000000e-03 5.29333333e-03 1.37333333e-02 0.00000000e+00 1.60000000e-04 1.20000000e-04 5.10666667e-03 0.00000000e+00 2.85333333e-03 2.60533333e-02 0.00000000e+00 0.00000000e+00 0.00000000e+00 1.73333333e-04 0.00000000e+00 0.00000000e+00 0.00000000e+00 0.00000000e+00 0.00000000e+00 0.00000000e+00 9.33333333e-05 0.00000000e+00 0.00000000e+00 3.70666667e-03 0.00000000e+00 4.66666667e-04 0.00000000e+00 1.33333333e-04 6.93333333e-04 1.13333333e-02 8.40000000e-04 0.00000000e+00 4.62666667e-03 2.84000000e-02 2.66666667e-04 8.00000000e-05 1.33333333e-04 0.00000000e+00 0.00000000e+00 0.00000000e+00 5.46666667e-04
 1.46666667e-04 0.00000000e+00 6.66666667e-05 0.00000000e+00 7.06666667e-04 5.86666667e-03 3.60000000e-03 1.78666667e-03 5.37333333e-03 8.67200000e-02 0.00000000e+00 1.07066667e-02 0.00000000e+00 2.34666667e-03 3.86666667e-04 0.00000000e+00 0.00000000e+00 0.00000000e+00 0.00000000e+00 1.50173333e-01 0.00000000e+00 0.00000000e+00 0.00000000e+00 3.80266667e-02 0.00000000e+00 0.00000000e+00 1.06666667e-04 1.55853333e-01 2.37333333e-03 0.00000000e+00 0.00000000e+00 2.53333333e-04 1.73333333e-04 2.50666667e-03 0.00000000e+00 0.00000000e+00 0.00000000e+00 2.24666667e-02 0.00000000e+00 1.24000000e-03 2.13333333e-04 1.85333333e-03 2.80000000e-04 6.74666667e-03 8.00000000e-05 1.90666667e-03 0.00000000e+00 9.73333333e-04 0.00000000e+00 0.00000000e+00 0.00000000e+00 0.00000000e+00 0.00000000e+00 4.29333333e-03 0.00000000e+00 0.00000000e+00 0.00000000e+00 2.08000000e-03 0.00000000e+00 0.00000000e+00 2.13333333e-04 8.60000000e-03 5.33333333e-04 0.00000000e+00 0.00000000e+00 1.73333333e-04 0.00000000e+00 1.20000000e-04
 0.00000000e+00 3.86666667e-04 0.00000000e+00 7.06666667e-04 0.00000000e+00 3.59333333e-02 5.73333333e-04 1.17333333e-03 6.26666667e-04 7.33333333e-04 0.00000000e+00 1.33333333e-04 0.00000000e+00 6.66666667e-05 7.66666667e-03 0.00000000e+00 0.00000000e+00 0.00000000e+00 0.00000000e+00 2.13333333e-04 0.00000000e+00 5.73333333e-04 0.00000000e+00 1.37333333e-03 0.00000000e+00 8.00000000e-05 4.40000000e-04 3.60000000e-04 2.66666667e-04 0.00000000e+00 0.00000000e+00 1.52533333e-02 0.00000000e+00 7.06666667e-04 0.00000000e+00 0.00000000e+00 0.00000000e+00 2.53333333e-04 0.00000000e+00 0.00000000e+00 0.00000000e+00 0.00000000e+00 0.00000000e+00 1.20000000e-04 0.00000000e+00 1.20000000e-04 0.00000000e+00 0.00000000e+00 0.00000000e+00 0.00000000e+00 0.00000000e+00 0.00000000e+00 0.00000000e+00 1.20000000e-04 0.00000000e+00 0.00000000e+00 0.00000000e+00 0.00000000e+00 0.00000000e+00 0.00000000e+00 0.00000000e+00 1.33333333e-04 0.00000000e+00 0.00000000e+00 0.00000000e+00 0.00000000e+00 0.00000000e+00 0.00000000e+00
 1.46666667e-04 1.86666667e-04 5.73333333e-04 5.86666667e-03 3.59333333e-02 0.00000000e+00 1.85866667e-02 1.47253333e-01 5.70666667e-03 1.35386667e-01 7.86666667e-04 3.75200000e-02 1.60000000e-04 7.17333333e-03 1.30400000e-02 0.00000000e+00 0.00000000e+00 6.66666667e-05 0.00000000e+00 1.41066667e-02 0.00000000e+00 1.46666667e-04 4.13333333e-04 5.94666667e-03 1.60000000e-04 2.53333333e-04 4.66666667e-04 1.97066667e-02 3.76000000e-03 8.00000000e-05 0.00000000e+00 6.60266667e-02 0.00000000e+00 1.69333333e-03 0.00000000e+00 0.00000000e+00 0.00000000e+00 3.21333333e-03 0.00000000e+00 4.26666667e-04 1.33333333e-04 7.33333333e-04 6.66666667e-05 3.98666667e-03 0.00000000e+00 4.00000000e-04 0.00000000e+00 3.46666667e-04 0.00000000e+00 0.00000000e+00 0.00000000e+00 0.00000000e+00 0.00000000e+00 8.26666667e-04 0.00000000e+00 0.00000000e+00 0.00000000e+00 8.93333333e-04 0.00000000e+00 0.00000000e+00 9.33333333e-05 3.69333333e-03 1.60000000e-04 0.00000000e+00 0.00000000e+00 8.00000000e-05 0.00000000e+00 0.00000000e+00
 2.78133333e-02 8.00000000e-05 6.36933333e-02 3.60000000e-03 5.73333333e-04 1.85866667e-02 0.00000000e+00 3.80266667e-02 3.20000000e-03 2.18373333e-01 6.66666667e-05 1.56000000e-03 0.00000000e+00 6.77466667e-02 4.80000000e-04 6.66666667e-05 1.46666667e-03 0.00000000e+00 3.46666667e-04 2.13333333e-03 1.81333333e-03 8.00000000e-05 3.64400000e-02 1.98266667e-02 0.00000000e+00 5.73333333e-03 6.72000000e-03 2.08333333e-01 5.54666667e-03 5.75466667e-02 0.00000000e+00 4.13333333e-04 3.46666667e-04 3.13333333e-03 0.00000000e+00 0.00000000e+00 8.00000000e-05 9.60000000e-04 0.00000000e+00 1.46666667e-04 6.66666667e-05 3.86666667e-04 0.00000000e+00 1.13333333e-03 0.00000000e+00 0.00000000e+00 0.00000000e+00 1.20000000e-04 0.00000000e+00 0.00000000e+00 0.00000000e+00 0.00000000e+00 0.00000000e+00 1.06666667e-04 0.00000000e+00 0.00000000e+00 1.33333333e-04 4.00000000e-04 0.00000000e+00 0.00000000e+00 1.73333333e-04 1.10666667e-03 0.00000000e+00 0.00000000e+00 0.00000000e+00 0.00000000e+00 0.00000000e+00 1.06666667e-04
 4.18666667e-03 0.00000000e+00 1.19600000e-02 1.78666667e-03 1.17333333e-03 1.47253333e-01 3.80266667e-02 0.00000000e+00 7.97333333e-03 3.37600000e-02 7.20000000e-04 1.83066667e-02 2.53333333e-04 1.53160000e-01 4.00000000e-04 0.00000000e+00 2.53333333e-03 2.00000000e-04 1.44000000e-03 1.74133333e-02 1.50666667e-03 0.00000000e+00 5.90666667e-03 1.24133333e-02 9.33333333e-05 3.01333333e-03 1.28000000e-03 1.57333333e-02 1.04000000e-02 7.88000000e-03 0.00000000e+00 7.97066667e-02 0.00000000e+00 7.46666667e-04 0.00000000e+00 0.00000000e+00 0.00000000e+00 1.34666667e-03 0.00000000e+00 2.26666667e-04 5.20000000e-04 3.81333333e-03 0.00000000e+00 3.62666667e-03 1.46666667e-04 1.60000000e-04 6.66666667e-05 2.05333333e-03 0.00000000e+00 0.00000000e+00 0.00000000e+00 0.00000000e+00 0.00000000e+00 1.86666667e-04 0.00000000e+00 0.00000000e+00 0.00000000e+00 3.00000000e-03 0.00000000e+00 0.00000000e+00 1.33333333e-04 5.32000000e-03 1.62666667e-03 1.73333333e-04 0.00000000e+00 1.46666667e-04 0.00000000e+00 4.80000000e-04
 7.06666667e-04 4.88000000e-03 0.00000000e+00 5.37333333e-03 6.26666667e-04 5.70666667e-03 3.20000000e-03 7.97333333e-03 0.00000000e+00 1.16933333e-02 2.00000000e-04 1.97333333e-03 1.73333333e-04 5.76000000e-03 3.73333333e-04 9.33333333e-05 0.00000000e+00 1.06666667e-04 2.00000000e-04 2.62666667e-03 2.80000000e-04 1.58000000e-02 3.06666667e-04 5.13466667e-02 7.86666667e-04 1.14666667e-03 6.77333333e-03 1.52000000e-02 9.52000000e-03 4.74666667e-03 2.53333333e-04 4.40000000e-04 1.46666667e-03 7.33333333e-04 1.20000000e-04 0.00000000e+00 0.00000000e+00 1.17333333e-03 0.00000000e+00 2.13333333e-04 3.06666667e-04 8.66666667e-04 0.00000000e+00 1.29333333e-03 0.00000000e+00 0.00000000e+00 1.20000000e-04 7.60000000e-04 0.00000000e+00 0.00000000e+00 0.00000000e+00 0.00000000e+00 0.00000000e+00 8.00000000e-05 0.00000000e+00 0.00000000e+00 0.00000000e+00 4.60000000e-03 0.00000000e+00 0.00000000e+00 9.33333333e-05 2.29333333e-03 2.36000000e-03 9.86666667e-04 0.00000000e+00 0.00000000e+00 0.00000000e+00 0.00000000e+00
 3.73333333e-04 0.00000000e+00 4.62666667e-03 8.67200000e-02 7.33333333e-04 1.35386667e-01 2.18373333e-01 3.37600000e-02 1.16933333e-02 0.00000000e+00 3.73333333e-04 6.46933333e-02 9.33333333e-05 1.19866667e-02 8.13333333e-04 0.00000000e+00 1.46666667e-04 1.20000000e-04 6.66666667e-05 1.92480000e-01 8.00000000e-05 0.00000000e+00 1.74666667e-03 1.96266667e-02 0.00000000e+00 1.13333333e-03 8.93333333e-04 1.37853333e-01 8.41333333e-03 1.86666667e-04 0.00000000e+00 1.69333333e-03 2.00000000e-04 8.84000000e-03 0.00000000e+00 0.00000000e+00 0.00000000e+00 9.18666667e-03 0.00000000e+00 1.13333333e-03 6.93333333e-04 2.94666667e-03 1.46666667e-04 1.02133333e-02 6.66666667e-05 8.13333333e-04 0.00000000e+00 9.20000000e-04 0.00000000e+00 0.00000000e+00 0.00000000e+00 0.00000000e+00 0.00000000e+00 1.68000000e-03 0.00000000e+00 0.00000000e+00 0.00000000e+00 2.58666667e-03 0.00000000e+00 8.00000000e-05 1.73333333e-04 9.22666667e-03 6.80000000e-04 0.00000000e+00 0.00000000e+00 2.26666667e-04 0.00000000e+00 2.93333333e-04
 3.06666667e-04 1.74666667e-03 9.33333333e-05 0.00000000e+00 0.00000000e+00 7.86666667e-04 6.66666667e-05 7.20000000e-04 2.00000000e-04 3.73333333e-04 0.00000000e+00 6.80000000e-04 1.04280000e-01 2.93333333e-03 0.00000000e+00 0.00000000e+00 5.73333333e-04 6.06400000e-02 5.64000000e-03 4.40000000e-04 1.33333333e-04 3.20000000e-04 1.05333333e-03 3.33333333e-04 9.48000000e-03 5.02666667e-02 1.23200000e-02 2.66666667e-04 1.19866667e-02 1.60000000e-04 1.09733333e-02 9.09333333e-03 4.40000000e-04 2.54266667e-02 0.00000000e+00 0.00000000e+00 0.00000000e+00 0.00000000e+00 0.00000000e+00 0.00000000e+00 0.00000000e+00 1.06666667e-04 0.00000000e+00 8.00000000e-05 1.98666667e-03 0.00000000e+00 1.00133333e-02 0.00000000e+00 0.00000000e+00 0.00000000e+00 0.00000000e+00 2.26666667e-04 0.00000000e+00 0.00000000e+00 0.00000000e+00 0.00000000e+00 0.00000000e+00 1.06666667e-04 9.46666667e-04 3.88000000e-03 2.13333333e-03 1.06666667e-04 0.00000000e+00 0.00000000e+00 1.21333333e-03 0.00000000e+00 0.00000000e+00 0.00000000e+00
 8.00000000e-05 0.00000000e+00 0.00000000e+00 1.07066667e-02 1.33333333e-04 3.75200000e-02 1.56000000e-03 1.83066667e-02 1.97333333e-03 6.46933333e-02 6.80000000e-04 0.00000000e+00 3.06666667e-04 8.08000000e-03 0.00000000e+00 0.00000000e+00 0.00000000e+00 2.00000000e-04 0.00000000e+00 1.46053333e-01 0.00000000e+00 0.00000000e+00 0.00000000e+00 1.28000000e-03 0.00000000e+00 1.33333333e-04 2.13333333e-04 7.28000000e-03 4.46666667e-03 0.00000000e+00 0.00000000e+00 2.77333333e-03 0.00000000e+00 2.58666667e-03 0.00000000e+00 0.00000000e+00 0.00000000e+00 4.96000000e-03 0.00000000e+00 3.60000000e-04 0.00000000e+00 8.00000000e-05 0.00000000e+00 2.12000000e-03 0.00000000e+00 5.20000000e-04 0.00000000e+00 6.66666667e-05 0.00000000e+00 0.00000000e+00 0.00000000e+00 0.00000000e+00 0.00000000e+00 7.46666667e-04 0.00000000e+00 0.00000000e+00 0.00000000e+00 4.53333333e-04 0.00000000e+00 0.00000000e+00 6.66666667e-05 3.06666667e-03 0.00000000e+00 0.00000000e+00 0.00000000e+00 1.20000000e-04 0.00000000e+00 0.00000000e+00
 6.66666667e-05 2.36000000e-03 0.00000000e+00 0.00000000e+00 0.00000000e+00 1.60000000e-04 0.00000000e+00 2.53333333e-04 1.73333333e-04 9.33333333e-05 1.04280000e-01 3.06666667e-04 0.00000000e+00 9.33333333e-04 0.00000000e+00 0.00000000e+00 0.00000000e+00 1.61333333e-03 1.06666667e-04 1.60000000e-04 0.00000000e+00 7.06666667e-04 6.66666667e-05 2.00000000e-04 3.91333333e-02 4.84000000e-03 2.80400000e-02 0.00000000e+00 2.02666667e-03 0.00000000e+00 9.93333333e-03 1.85333333e-03 0.00000000e+00 2.94666667e-03 0.00000000e+00 0.00000000e+00 0.00000000e+00 0.00000000e+00 0.00000000e+00 0.00000000e+00 0.00000000e+00 0.00000000e+00 0.00000000e+00 0.00000000e+00 4.77333333e-03 0.00000000e+00 2.50666667e-02 0.00000000e+00 0.00000000e+00 0.00000000e+00 0.00000000e+00 5.46666667e-04 0.00000000e+00 0.00000000e+00 0.00000000e+00 0.00000000e+00 0.00000000e+00 6.66666667e-05 2.60000000e-03 9.10666667e-03 4.78666667e-03 0.00000000e+00 0.00000000e+00 0.00000000e+00 3.58666667e-03 0.00000000e+00 0.00000000e+00 0.00000000e+00
 5.53200000e-02 2.40000000e-04 1.37466667e-02 2.34666667e-03 6.66666667e-05 7.17333333e-03 6.77466667e-02 1.53160000e-01 5.76000000e-03 1.19866667e-02 2.93333333e-03 8.08000000e-03 9.33333333e-04 0.00000000e+00 2.40000000e-04 0.00000000e+00 5.26666667e-03 1.32000000e-03 2.21333333e-03 1.31333333e-02 2.45333333e-03 2.00000000e-04 1.21600000e-02 4.76000000e-03 5.60000000e-04 4.98666667e-03 2.28000000e-03 1.10800000e-02 1.10946667e-01 1.93600000e-02 0.00000000e+00 5.59200000e-02 6.66666667e-05 5.96000000e-03 0.00000000e+00 0.00000000e+00 9.33333333e-05 4.26666667e-04 0.00000000e+00 8.00000000e-05 8.00000000e-05 1.76000000e-03 1.20000000e-04 8.00000000e-04 1.06666667e-04 0.00000000e+00 9.33333333e-05 9.86666667e-04 0.00000000e+00 0.00000000e+00 0.00000000e+00 0.00000000e+00 0.00000000e+00 9.33333333e-05 0.00000000e+00 0.00000000e+00 0.00000000e+00 1.62666667e-03 0.00000000e+00 8.00000000e-05 1.20000000e-04 1.64000000e-03 1.28000000e-03 2.00000000e-04 0.00000000e+00 6.66666667e-05 0.00000000e+00 2.26666667e-04
 0.00000000e+00 2.40000000e-04 0.00000000e+00 3.86666667e-04 7.66666667e-03 1.30400000e-02 4.80000000e-04 4.00000000e-04 3.73333333e-04 8.13333333e-04 0.00000000e+00 0.00000000e+00 0.00000000e+00 2.40000000e-04 0.00000000e+00 0.00000000e+00 0.00000000e+00 0.00000000e+00 0.00000000e+00 1.73333333e-04 0.00000000e+00 5.86666667e-04 0.00000000e+00 1.62666667e-03 0.00000000e+00 1.20000000e-04 5.20000000e-04 4.00000000e-04 3.73333333e-04 0.00000000e+00 0.00000000e+00 2.32000000e-03 6.66666667e-05 9.33333333e-05 0.00000000e+00 0.00000000e+00 0.00000000e+00 6.66666667e-05 0.00000000e+00 0.00000000e+00 0.00000000e+00 0.00000000e+00 0.00000000e+00 0.00000000e+00 0.00000000e+00 0.00000000e+00 0.00000000e+00 0.00000000e+00 0.00000000e+00 0.00000000e+00 0.00000000e+00 0.00000000e+00 0.00000000e+00 0.00000000e+00 0.00000000e+00 0.00000000e+00 0.00000000e+00 0.00000000e+00 0.00000000e+00 0.00000000e+00 0.00000000e+00 1.20000000e-04 0.00000000e+00 0.00000000e+00 0.00000000e+00 0.00000000e+00 0.00000000e+00 0.00000000e+00
 0.00000000e+00 2.13333333e-04 1.60000000e-04 0.00000000e+00 0.00000000e+00 0.00000000e+00 6.66666667e-05 0.00000000e+00 9.33333333e-05 0.00000000e+00 0.00000000e+00 0.00000000e+00 0.00000000e+00 0.00000000e+00 0.00000000e+00 0.00000000e+00 5.06666667e-04 6.66666667e-05 0.00000000e+00 0.00000000e+00 3.26000000e-02 4.83733333e-02 2.05453333e-01 9.00000000e-03 0.00000000e+00 8.26666667e-04 3.42800000e-02 2.81333333e-03 9.33333333e-05 3.38666667e-03 0.00000000e+00 0.00000000e+00 0.00000000e+00 6.40000000e-04 0.00000000e+00 0.00000000e+00 2.53333333e-04 0.00000000e+00 0.00000000e+00 0.00000000e+00 0.00000000e+00 0.00000000e+00 0.00000000e+00 0.00000000e+00 0.00000000e+00 0.00000000e+00 0.00000000e+00 0.00000000e+00 0.00000000e+00 1.26666667e-03 8.00000000e-05 0.00000000e+00 0.00000000e+00 0.00000000e+00 1.05333333e-03 5.73333333e-04 1.02666667e-02 2.26666667e-04 0.00000000e+00 2.26666667e-04 1.53333333e-03 0.00000000e+00 1.73333333e-04 4.80000000e-04 0.00000000e+00 0.00000000e+00 0.00000000e+00 8.00000000e-05
 3.38666667e-03 9.29333333e-03 8.91466667e-02 0.00000000e+00 0.00000000e+00 0.00000000e+00 1.46666667e-03 2.53333333e-03 0.00000000e+00 1.46666667e-04 5.73333333e-04 0.00000000e+00 0.00000000e+00 5.26666667e-03 0.00000000e+00 5.06666667e-04 0.00000000e+00 4.40000000e-03 1.00733333e-01 0.00000000e+00 4.80000000e-04 7.86666667e-04 2.22000000e-02 8.40000000e-04 0.00000000e+00 3.51200000e-02 9.66133333e-02 7.86666667e-04 1.75333333e-02 2.08266667e-02 0.00000000e+00 0.00000000e+00 5.06666667e-04 2.60000000e-03 0.00000000e+00 5.33333333e-04 1.48000000e-03 0.00000000e+00 0.00000000e+00 0.00000000e+00 0.00000000e+00 0.00000000e+00 0.00000000e+00 0.00000000e+00 0.00000000e+00 0.00000000e+00 0.00000000e+00 0.00000000e+00 0.00000000e+00 0.00000000e+00 4.80000000e-04 0.00000000e+00 6.26666667e-04 0.00000000e+00 0.00000000e+00 0.00000000e+00 4.00000000e-04 1.06666667e-04 0.00000000e+00 3.12000000e-03 3.00000000e-03 0.00000000e+00 0.00000000e+00 0.00000000e+00 0.00000000e+00 0.00000000e+00 0.00000000e+00 0.00000000e+00
 1.86666667e-04 7.73333333e-04 4.13333333e-04 0.00000000e+00 0.00000000e+00 6.66666667e-05 0.00000000e+00 2.00000000e-04 1.06666667e-04 1.20000000e-04 6.06400000e-02 2.00000000e-04 1.61333333e-03 1.32000000e-03 0.00000000e+00 6.66666667e-05 4.40000000e-03 0.00000000e+00 2.33333333e-02 2.53333333e-04 1.73333333e-04 2.93333333e-04 1.82666667e-03 9.33333333e-05 8.00000000e-04 2.97333333e-02 1.38400000e-02 8.00000000e-05 3.41333333e-03 3.20000000e-04 2.94666667e-03 3.46666667e-04 5.06666667e-04 1.14533333e-02 0.00000000e+00 0.00000000e+00 0.00000000e+00 0.00000000e+00 0.00000000e+00 0.00000000e+00 0.00000000e+00 0.00000000e+00 0.00000000e+00 0.00000000e+00 1.60000000e-04 0.00000000e+00 4.66666667e-04 0.00000000e+00 0.00000000e+00 0.00000000e+00 0.00000000e+00 4.40000000e-04 1.06666667e-04 0.00000000e+00 0.00000000e+00 0.00000000e+00 0.00000000e+00 0.00000000e+00 7.73333333e-04 5.73333333e-03 2.81333333e-03 0.00000000e+00 0.00000000e+00 0.00000000e+00 2.80000000e-04 0.00000000e+00 0.00000000e+00 0.00000000e+00
 1.41333333e-03 9.25333333e-03 8.10666667e-03 0.00000000e+00 0.00000000e+00 0.00000000e+00 3.46666667e-04 1.44000000e-03 2.00000000e-04 6.66666667e-05 5.64000000e-03 0.00000000e+00 1.06666667e-04 2.21333333e-03 0.00000000e+00 0.00000000e+00 1.00733333e-01 2.33333333e-02 0.00000000e+00 6.66666667e-05 1.86666667e-04 4.26666667e-04 3.02666667e-03 3.20000000e-04 3.33333333e-04 2.71733333e-02 4.11333333e-02 2.13333333e-04 1.13866667e-02 5.06666667e-03 0.00000000e+00 0.00000000e+00 1.52000000e-03 1.86133333e-02 0.00000000e+00 2.40000000e-04 1.73333333e-04 0.00000000e+00 0.00000000e+00 0.00000000e+00 0.00000000e+00 0.00000000e+00 0.00000000e+00 0.00000000e+00 0.00000000e+00 0.00000000e+00 1.06666667e-04 0.00000000e+00 0.00000000e+00 0.00000000e+00 2.26666667e-04 1.73333333e-04 1.13333333e-03 0.00000000e+00 0.00000000e+00 0.00000000e+00 8.00000000e-05 0.00000000e+00 1.33333333e-04 7.34666667e-03 3.12000000e-03 0.00000000e+00 0.00000000e+00 0.00000000e+00 9.33333333e-05 0.00000000e+00 0.00000000e+00 0.00000000e+00
 2.13333333e-04 9.33333333e-05 0.00000000e+00 1.50173333e-01 2.13333333e-04 1.41066667e-02 2.13333333e-03 1.74133333e-02 2.62666667e-03 1.92480000e-01 4.40000000e-04 1.46053333e-01 1.60000000e-04 1.31333333e-02 1.73333333e-04 0.00000000e+00 0.00000000e+00 2.53333333e-04 6.66666667e-05 0.00000000e+00 0.00000000e+00 0.00000000e+00 0.00000000e+00 5.94666667e-03 0.00000000e+00 0.00000000e+00 1.60000000e-04 1.84933333e-02 6.13333333e-03 0.00000000e+00 0.00000000e+00 2.01333333e-03 0.00000000e+00 3.30666667e-03 0.00000000e+00 0.00000000e+00 0.00000000e+00 1.21333333e-02 0.00000000e+00 7.20000000e-04 2.26666667e-04 5.20000000e-04 9.33333333e-05 6.58666667e-03 0.00000000e+00 5.60000000e-04 0.00000000e+00 3.20000000e-04 0.00000000e+00 0.00000000e+00 0.00000000e+00 0.00000000e+00 0.00000000e+00 9.20000000e-04 0.00000000e+00 0.00000000e+00 0.00000000e+00 1.50666667e-03 0.00000000e+00 0.00000000e+00 2.93333333e-04 8.98666667e-03 8.00000000e-05 0.00000000e+00 0.00000000e+00 8.00000000e-05 0.00000000e+00 0.00000000e+00
 1.84000000e-03 0.00000000e+00 2.92000000e-03 0.00000000e+00 0.00000000e+00 0.00000000e+00 1.81333333e-03 1.50666667e-03 2.80000000e-04 8.00000000e-05 1.33333333e-04 0.00000000e+00 0.00000000e+00 2.45333333e-03 0.00000000e+00 3.26000000e-02 4.80000000e-04 1.73333333e-04 1.86666667e-04 0.00000000e+00 0.00000000e+00 1.18533333e-02 1.96293333e-01 4.74666667e-03 0.00000000e+00 3.20000000e-04 4.41333333e-03 1.98933333e-02 3.97333333e-03 7.86533333e-02 0.00000000e+00 0.00000000e+00 0.00000000e+00 2.05200000e-02 0.00000000e+00 0.00000000e+00 0.00000000e+00 0.00000000e+00 0.00000000e+00 0.00000000e+00 0.00000000e+00 0.00000000e+00 6.66666667e-05 0.00000000e+00 0.00000000e+00 0.00000000e+00 0.00000000e+00 0.00000000e+00 0.00000000e+00 1.30666667e-03 0.00000000e+00 0.00000000e+00 0.00000000e+00 0.00000000e+00 2.41333333e-03 3.60000000e-04 6.49333333e-03 5.20000000e-04 0.00000000e+00 0.00000000e+00 3.06666667e-04 5.06666667e-04 1.13333333e-03 1.41333333e-03 0.00000000e+00 0.00000000e+00 1.33333333e-04 8.00000000e-05
 6.66666667e-05 1.14400000e-02 5.06666667e-03 0.00000000e+00 5.73333333e-04 1.46666667e-04 8.00000000e-05 0.00000000e+00 1.58000000e-02 0.00000000e+00 3.20000000e-04 0.00000000e+00 7.06666667e-04 2.00000000e-04 5.86666667e-04 4.83733333e-02 7.86666667e-04 2.93333333e-04 4.26666667e-04 0.00000000e+00 1.18533333e-02 0.00000000e+00 7.30266667e-02 5.01466667e-02 1.54666667e-03 2.46666667e-03 3.07200000e-02 2.61333333e-03 1.36000000e-03 3.37333333e-03 3.86666667e-04 2.00000000e-04 2.93333333e-04 4.93333333e-04 0.00000000e+00 0.00000000e+00 3.58666667e-03 0.00000000e+00 0.00000000e+00 0.00000000e+00 8.00000000e-05 0.00000000e+00 0.00000000e+00 0.00000000e+00 6.66666667e-05 0.00000000e+00 2.93333333e-04 8.00000000e-05 0.00000000e+00 5.16000000e-03 0.00000000e+00 0.00000000e+00 0.00000000e+00 0.00000000e+00 2.81333333e-03 1.46666667e-04 2.04000000e-02 2.64000000e-03 0.00000000e+00 1.46666667e-04 1.07466667e-02 4.00000000e-04 1.20000000e-03 2.32000000e-03 0.00000000e+00 0.00000000e+00 0.00000000e+00 1.33333333e-04
 6.84000000e-03 1.44000000e-03 1.56693333e-01 0.00000000e+00 0.00000000e+00 4.13333333e-04 3.64400000e-02 5.90666667e-03 3.06666667e-04 1.74666667e-03 1.05333333e-03 0.00000000e+00 6.66666667e-05 1.21600000e-02 0.00000000e+00 2.05453333e-01 2.22000000e-02 1.82666667e-03 3.02666667e-03 0.00000000e+00 1.96293333e-01 7.30266667e-02 0.00000000e+00 9.77333333e-03 0.00000000e+00 2.91333333e-02 1.70146667e-01 6.01466667e-02 2.53333333e-02 1.08680000e-01 0.00000000e+00 1.20000000e-04 4.13333333e-04 2.00533333e-02 0.00000000e+00 1.60000000e-04 1.13866667e-02 0.00000000e+00 0.00000000e+00 0.00000000e+00 0.00000000e+00 0.00000000e+00 0.00000000e+00 0.00000000e+00 0.00000000e+00 0.00000000e+00 0.00000000e+00 0.00000000e+00 0.00000000e+00 4.24000000e-03 2.26666667e-04 0.00000000e+00 0.00000000e+00 0.00000000e+00 1.76000000e-03 1.82666667e-03 7.90266667e-02 1.33333333e-04 0.00000000e+00 4.26666667e-04 2.29200000e-02 1.20000000e-04 1.86666667e-04 4.66666667e-04 0.00000000e+00 0.00000000e+00 0.00000000e+00 1.33333333e-04
 8.53333333e-04 7.26666667e-03 8.00000000e-04 3.80266667e-02 1.37333333e-03 5.94666667e-03 1.98266667e-02 1.24133333e-02 5.13466667e-02 1.96266667e-02 3.33333333e-04 1.28000000e-03 2.00000000e-04 4.76000000e-03 1.62666667e-03 9.00000000e-03 8.40000000e-04 9.33333333e-05 3.20000000e-04 5.94666667e-03 4.74666667e-03 5.01466667e-02 9.77333333e-03 0.00000000e+00 7.20000000e-04 6.17333333e-03 4.68533333e-02 9.93600000e-02 1.10400000e-02 6.54666667e-03 2.53333333e-04 5.60000000e-04 1.42666667e-03 3.80000000e-03 1.60000000e-04 0.00000000e+00 0.00000000e+00 2.69333333e-03 0.00000000e+00 4.53333333e-04 4.00000000e-04 1.66666667e-03 4.26666667e-04 3.44000000e-03 8.00000000e-05 1.20000000e-04 1.46666667e-04 9.46666667e-04 0.00000000e+00 1.73333333e-04 0.00000000e+00 0.00000000e+00 9.33333333e-05 2.80000000e-04 3.86666667e-04 9.33333333e-05 1.46666667e-04 8.32000000e-03 0.00000000e+00 2.80000000e-04 2.66666667e-04 5.04000000e-03 2.40000000e-03 7.86666667e-04 0.00000000e+00 1.20000000e-04 6.66666667e-05 3.46666667e-04
 0.00000000e+00 1.44000000e-02 0.00000000e+00 0.00000000e+00 0.00000000e+00 1.60000000e-04 0.00000000e+00 9.33333333e-05 7.86666667e-04 0.00000000e+00 9.48000000e-03 0.00000000e+00 3.91333333e-02 5.60000000e-04 0.00000000e+00 0.00000000e+00 0.00000000e+00 8.00000000e-04 3.33333333e-04 0.00000000e+00 0.00000000e+00 1.54666667e-03 0.00000000e+00 7.20000000e-04 0.00000000e+00 4.44000000e-03 1.26133333e-02 0.00000000e+00 6.13333333e-04 0.00000000e+00 2.25333333e-03 9.46666667e-04 0.00000000e+00 1.50666667e-03 0.00000000e+00 0.00000000e+00 0.00000000e+00 0.00000000e+00 0.00000000e+00 0.00000000e+00 0.00000000e+00 0.00000000e+00 0.00000000e+00 0.00000000e+00 1.92000000e-03 0.00000000e+00 6.18666667e-03 0.00000000e+00 0.00000000e+00 0.00000000e+00 0.00000000e+00 2.13333333e-04 0.00000000e+00 0.00000000e+00 0.00000000e+00 0.00000000e+00 0.00000000e+00 0.00000000e+00 2.66666667e-04 2.76000000e-03 1.06666667e-03 0.00000000e+00 0.00000000e+00 0.00000000e+00 1.46666667e-03 0.00000000e+00 0.00000000e+00 0.00000000e+00
 1.88000000e-03 1.63466667e-02 7.80400000e-02 0.00000000e+00 8.00000000e-05 2.53333333e-04 5.73333333e-03 3.01333333e-03 1.14666667e-03 1.13333333e-03 5.02666667e-02 1.33333333e-04 4.84000000e-03 4.98666667e-03 1.20000000e-04 8.26666667e-04 3.51200000e-02 2.97333333e-02 2.71733333e-02 0.00000000e+00 3.20000000e-04 2.46666667e-03 2.91333333e-02 6.17333333e-03 4.44000000e-03 0.00000000e+00 1.57333333e-01 1.44000000e-03 7.65333333e-03 6.33333333e-03 8.97333333e-03 2.53333333e-04 6.40000000e-04 7.86666667e-03 0.00000000e+00 9.46666667e-04 5.06666667e-04 0.00000000e+00 0.00000000e+00 0.00000000e+00 9.33333333e-05 0.00000000e+00 0.00000000e+00 0.00000000e+00 7.06666667e-04 0.00000000e+00 3.70666667e-03 0.00000000e+00 0.00000000e+00 0.00000000e+00 1.54666667e-03 1.28000000e-03 3.73333333e-03 0.00000000e+00 0.00000000e+00 9.33333333e-05 2.53333333e-04 4.00000000e-04 2.46666667e-03 3.04133333e-02 1.84933333e-02 1.20000000e-04 0.00000000e+00 8.00000000e-05 1.76000000e-03 0.00000000e+00 0.00000000e+00 4.53333333e-04
 6.66666667e-04 5.84000000e-02 1.37346667e-01 1.06666667e-04 4.40000000e-04 4.66666667e-04 6.72000000e-03 1.28000000e-03 6.77333333e-03 8.93333333e-04 1.23200000e-02 2.13333333e-04 2.80400000e-02 2.28000000e-03 5.20000000e-04 3.42800000e-02 9.66133333e-02 1.38400000e-02 4.11333333e-02 1.60000000e-04 4.41333333e-03 3.07200000e-02 1.70146667e-01 4.68533333e-02 1.26133333e-02 1.57333333e-01 0.00000000e+00 2.46400000e-02 4.73333333e-03 2.89333333e-03 1.24000000e-03 2.40000000e-04 6.93333333e-04 2.03866667e-02 0.00000000e+00 3.29333333e-03 2.36933333e-02 0.00000000e+00 0.00000000e+00 0.00000000e+00 1.06666667e-04 6.66666667e-05 0.00000000e+00 8.00000000e-05 7.73333333e-04 0.00000000e+00 2.41333333e-03 1.20000000e-04 0.00000000e+00 3.06666667e-04 5.25333333e-03 1.21333333e-03 3.24000000e-03 0.00000000e+00 1.86666667e-04 1.50666667e-03 1.51866667e-02 1.98666667e-03 1.81333333e-03 2.95733333e-02 5.02800000e-02 4.13333333e-04 1.33333333e-04 2.13333333e-04 9.46666667e-04 0.00000000e+00 0.00000000e+00 1.17333333e-03
 1.60000000e-03 1.33333333e-04 7.48000000e-03 1.55853333e-01 3.60000000e-04 1.97066667e-02 2.08333333e-01 1.57333333e-02 1.52000000e-02 1.37853333e-01 2.66666667e-04 7.28000000e-03 0.00000000e+00 1.10800000e-02 4.00000000e-04 2.81333333e-03 7.86666667e-04 8.00000000e-05 2.13333333e-04 1.84933333e-02 1.98933333e-02 2.61333333e-03 6.01466667e-02 9.93600000e-02 0.00000000e+00 1.44000000e-03 2.46400000e-02 0.00000000e+00 1.96933333e-02 1.09440000e-01 0.00000000e+00 5.06666667e-04 2.34666667e-03 9.65333333e-03 2.13333333e-04 0.00000000e+00 0.00000000e+00 3.32533333e-02 0.00000000e+00 3.06666667e-04 2.66666667e-04 1.88000000e-03 3.46666667e-04 4.09333333e-03 6.66666667e-05 5.20000000e-04 0.00000000e+00 1.52000000e-03 0.00000000e+00 1.33333333e-04 0.00000000e+00 0.00000000e+00 0.00000000e+00 9.33333333e-04 3.86666667e-04 6.66666667e-05 1.60000000e-04 4.48000000e-03 0.00000000e+00 1.06666667e-04 2.66666667e-04 6.30666667e-03 4.14666667e-03 1.37333333e-03 0.00000000e+00 1.73333333e-04 0.00000000e+00 4.53333333e-04
 2.99600000e-02 4.40000000e-04 5.29333333e-03 2.37333333e-03 2.66666667e-04 3.76000000e-03 5.54666667e-03 1.04000000e-02 9.52000000e-03 8.41333333e-03 1.19866667e-02 4.46666667e-03 2.02666667e-03 1.10946667e-01 3.73333333e-04 9.33333333e-05 1.75333333e-02 3.41333333e-03 1.13866667e-02 6.13333333e-03 3.97333333e-03 1.36000000e-03 2.53333333e-02 1.10400000e-02 6.13333333e-04 7.65333333e-03 4.73333333e-03 1.96933333e-02 0.00000000e+00 3.64000000e-02 0.00000000e+00 3.49866667e-02 7.73066667e-02 1.40266667e-02 8.00000000e-05 0.00000000e+00 0.00000000e+00 5.33333333e-04 0.00000000e+00 9.33333333e-05 0.00000000e+00 1.02666667e-03 2.53333333e-04 6.13333333e-04 6.66666667e-05 0.00000000e+00 6.66666667e-05 9.06666667e-04 0.00000000e+00 1.20000000e-04 0.00000000e+00 0.00000000e+00 0.00000000e+00 0.00000000e+00 4.26666667e-04 0.00000000e+00 0.00000000e+00 2.73333333e-03 0.00000000e+00 1.60000000e-04 1.20000000e-04 1.80000000e-03 2.49333333e-03 1.30666667e-03 0.00000000e+00 6.66666667e-05 6.66666667e-05 2.40000000e-04
 1.95600000e-02 1.60000000e-04 1.37333333e-02 0.00000000e+00 0.00000000e+00 8.00000000e-05 5.75466667e-02 7.88000000e-03 4.74666667e-03 1.86666667e-04 1.60000000e-04 0.00000000e+00 0.00000000e+00 1.93600000e-02 0.00000000e+00 3.38666667e-03 2.08266667e-02 3.20000000e-04 5.06666667e-03 0.00000000e+00 7.86533333e-02 3.37333333e-03 1.08680000e-01 6.54666667e-03 0.00000000e+00 6.33333333e-03 2.89333333e-03 1.09440000e-01 3.64000000e-02 0.00000000e+00 0.00000000e+00 6.66666667e-05 0.00000000e+00 7.20000000e-04 0.00000000e+00 0.00000000e+00 1.33333333e-04 0.00000000e+00 0.00000000e+00 0.00000000e+00 0.00000000e+00 0.00000000e+00 1.73333333e-04 0.00000000e+00 0.00000000e+00 0.00000000e+00 0.00000000e+00 6.66666667e-05 0.00000000e+00 2.80000000e-04 0.00000000e+00 0.00000000e+00 0.00000000e+00 0.00000000e+00 8.66666667e-04 9.33333333e-05 2.93333333e-04 6.93333333e-04 0.00000000e+00 1.06666667e-04 0.00000000e+00 5.73333333e-04 1.32000000e-03 9.73333333e-04 0.00000000e+00 0.00000000e+00 6.66666667e-05 8.00000000e-05
 0.00000000e+00 9.20000000e-04 0.00000000e+00 0.00000000e+00 0.00000000e+00 0.00000000e+00 0.00000000e+00 0.00000000e+00 2.53333333e-04 0.00000000e+00 1.09733333e-02 0.00000000e+00 9.93333333e-03 0.00000000e+00 0.00000000e+00 0.00000000e+00 0.00000000e+00 2.94666667e-03 0.00000000e+00 0.00000000e+00 0.00000000e+00 3.86666667e-04 0.00000000e+00 2.53333333e-04 2.25333333e-03 8.97333333e-03 1.24000000e-03 0.00000000e+00 0.00000000e+00 0.00000000e+00 0.00000000e+00 0.00000000e+00 0.00000000e+00 1.60000000e-04 0.00000000e+00 0.00000000e+00 0.00000000e+00 0.00000000e+00 0.00000000e+00 0.00000000e+00 0.00000000e+00 0.00000000e+00 0.00000000e+00 0.00000000e+00 4.53333333e-04 0.00000000e+00 2.50666667e-03 0.00000000e+00 0.00000000e+00 0.00000000e+00 0.00000000e+00 2.13333333e-04 0.00000000e+00 0.00000000e+00 0.00000000e+00 0.00000000e+00 0.00000000e+00 0.00000000e+00 6.13333333e-04 3.14666667e-03 1.56000000e-03 0.00000000e+00 0.00000000e+00 0.00000000e+00 9.46666667e-04 0.00000000e+00 0.00000000e+00 0.00000000e+00
 4.80000000e-04 2.93333333e-04 1.60000000e-04 2.53333333e-04 1.52533333e-02 6.60266667e-02 4.13333333e-04 7.97066667e-02 4.40000000e-04 1.69333333e-03 9.09333333e-03 2.77333333e-03 1.85333333e-03 5.59200000e-02 2.32000000e-03 0.00000000e+00 0.00000000e+00 3.46666667e-04 0.00000000e+00 2.01333333e-03 0.00000000e+00 2.00000000e-04 1.20000000e-04 5.60000000e-04 9.46666667e-04 2.53333333e-04 2.40000000e-04 5.06666667e-04 3.49866667e-02 6.66666667e-05 0.00000000e+00 0.00000000e+00 0.00000000e+00 1.97866667e-02 0.00000000e+00 0.00000000e+00 0.00000000e+00 1.20000000e-04 0.00000000e+00 0.00000000e+00 0.00000000e+00 2.40000000e-04 0.00000000e+00 1.20000000e-04 0.00000000e+00 6.66666667e-05 1.86666667e-04 2.66666667e-04 0.00000000e+00 0.00000000e+00 0.00000000e+00 0.00000000e+00 0.00000000e+00 0.00000000e+00 0.00000000e+00 0.00000000e+00 0.00000000e+00 3.46666667e-04 0.00000000e+00 0.00000000e+00 0.00000000e+00 5.06666667e-04 2.00000000e-04 8.00000000e-05 0.00000000e+00 0.00000000e+00 0.00000000e+00 0.00000000e+00
 8.00000000e-05 0.00000000e+00 1.20000000e-04 1.73333333e-04 0.00000000e+00 0.00000000e+00 3.46666667e-04 0.00000000e+00 1.46666667e-03 2.00000000e-04 4.40000000e-04 0.00000000e+00 0.00000000e+00 6.66666667e-05 6.66666667e-05 0.00000000e+00 5.06666667e-04 5.06666667e-04 1.52000000e-03 0.00000000e+00 0.00000000e+00 2.93333333e-04 4.13333333e-04 1.42666667e-03 0.00000000e+00 6.40000000e-04 6.93333333e-04 2.34666667e-03 7.73066667e-02 0.00000000e+00 0.00000000e+00 0.00000000e+00 0.00000000e+00 9.21333333e-03 0.00000000e+00 0.00000000e+00 0.00000000e+00 0.00000000e+00 0.00000000e+00 0.00000000e+00 6.66666667e-05 1.46666667e-04 0.00000000e+00 8.00000000e-05 0.00000000e+00 0.00000000e+00 0.00000000e+00 0.00000000e+00 0.00000000e+00 0.00000000e+00 0.00000000e+00 0.00000000e+00 0.00000000e+00 0.00000000e+00 1.20000000e-04 0.00000000e+00 0.00000000e+00 3.60000000e-04 0.00000000e+00 0.00000000e+00 0.00000000e+00 3.73333333e-04 4.93333333e-04 2.40000000e-04 0.00000000e+00 0.00000000e+00 0.00000000e+00 0.00000000e+00
 1.89333333e-03 2.14666667e-03 5.10666667e-03 2.50666667e-03 7.06666667e-04 1.69333333e-03 3.13333333e-03 7.46666667e-04 7.33333333e-04 8.84000000e-03 2.54266667e-02 2.58666667e-03 2.94666667e-03 5.96000000e-03 9.33333333e-05 6.40000000e-04 2.60000000e-03 1.14533333e-02 1.86133333e-02 3.30666667e-03 2.05200000e-02 4.93333333e-04 2.00533333e-02 3.80000000e-03 1.50666667e-03 7.86666667e-03 2.03866667e-02 9.65333333e-03 1.40266667e-02 7.20000000e-04 1.60000000e-04 1.97866667e-02 9.21333333e-03 0.00000000e+00 0.00000000e+00 8.00000000e-05 9.06666667e-04 4.13333333e-04 0.00000000e+00 0.00000000e+00 1.60000000e-04 9.33333333e-04 0.00000000e+00 5.46666667e-04 0.00000000e+00 0.00000000e+00 1.73333333e-04 7.46666667e-04 0.00000000e+00 0.00000000e+00 1.20000000e-04 1.20000000e-04 3.33333333e-04 0.00000000e+00 0.00000000e+00 0.00000000e+00 1.33333333e-04 1.62666667e-03 0.00000000e+00 1.89333333e-03 2.28000000e-03 1.56000000e-03 9.86666667e-04 2.93333333e-04 0.00000000e+00 0.00000000e+00 0.00000000e+00 6.66666667e-05
 0.00000000e+00 0.00000000e+00 0.00000000e+00 0.00000000e+00 0.00000000e+00 0.00000000e+00 0.00000000e+00 0.00000000e+00 1.20000000e-04 0.00000000e+00 0.00000000e+00 0.00000000e+00 0.00000000e+00 0.00000000e+00 0.00000000e+00 0.00000000e+00 0.00000000e+00 0.00000000e+00 0.00000000e+00 0.00000000e+00 0.00000000e+00 0.00000000e+00 0.00000000e+00 1.60000000e-04 0.00000000e+00 0.00000000e+00 0.00000000e+00 2.13333333e-04 8.00000000e-05 0.00000000e+00 0.00000000e+00 0.00000000e+00 0.00000000e+00 0.00000000e+00 0.00000000e+00 0.00000000e+00 1.81333333e-03 8.00000000e-05 0.00000000e+00 1.20000000e-04 1.94933333e-02 2.00000000e-03 4.40000000e-04 5.06666667e-04 1.26666667e-03 0.00000000e+00 0.00000000e+00 9.99600000e-02 0.00000000e+00 0.00000000e+00 3.94666667e-03 1.81333333e-03 2.93333333e-03 0.00000000e+00 4.00000000e-04 0.00000000e+00 1.41333333e-03 6.00000000e-04 0.00000000e+00 2.32000000e-03 5.73333333e-04 1.96000000e-03 3.30933333e-02 2.56266667e-02 0.00000000e+00 2.00000000e-04 0.00000000e+00 1.24000000e-03
 0.00000000e+00 1.33333333e-04 2.85333333e-03 0.00000000e+00 0.00000000e+00 0.00000000e+00 0.00000000e+00 0.00000000e+00 0.00000000e+00 0.00000000e+00 0.00000000e+00 0.00000000e+00 0.00000000e+00 0.00000000e+00 0.00000000e+00 0.00000000e+00 5.33333333e-04 0.00000000e+00 2.40000000e-04 0.00000000e+00 0.00000000e+00 0.00000000e+00 1.60000000e-04 0.00000000e+00 0.00000000e+00 9.46666667e-04 3.29333333e-03 0.00000000e+00 0.00000000e+00 0.00000000e+00 0.00000000e+00 0.00000000e+00 0.00000000e+00 8.00000000e-05 0.00000000e+00 0.00000000e+00 5.06666667e-03 0.00000000e+00 1.46666667e-04 0.00000000e+00 3.73333333e-04 9.33333333e-05 6.53333333e-03 0.00000000e+00 2.26666667e-04 0.00000000e+00 5.36000000e-03 1.20000000e-04 6.66666667e-05 2.53333333e-04 9.57333333e-03 4.00000000e-04 1.18800000e-02 0.00000000e+00 1.20000000e-04 1.27333333e-02 1.08000000e-03 1.18666667e-02 1.63600000e-02 2.76000000e-02 7.31866667e-02 1.01333333e-03 1.60000000e-04 4.93333333e-04 1.60000000e-04 1.20000000e-04 0.00000000e+00 2.41333333e-03
 0.00000000e+00 2.21333333e-03 2.60533333e-02 0.00000000e+00 0.00000000e+00 0.00000000e+00 8.00000000e-05 0.00000000e+00 0.00000000e+00 0.00000000e+00 0.00000000e+00 0.00000000e+00 0.00000000e+00 9.33333333e-05 0.00000000e+00 2.53333333e-04 1.48000000e-03 0.00000000e+00 1.73333333e-04 0.00000000e+00 0.00000000e+00 3.58666667e-03 1.13866667e-02 0.00000000e+00 0.00000000e+00 5.06666667e-04 2.36933333e-02 0.00000000e+00 0.00000000e+00 1.33333333e-04 0.00000000e+00 0.00000000e+00 0.00000000e+00 9.06666667e-04 1.81333333e-03 5.06666667e-03 0.00000000e+00 0.00000000e+00 0.00000000e+00 0.00000000e+00 3.67866667e-02 5.40000000e-03 0.00000000e+00 4.66666667e-04 1.33333333e-04 0.00000000e+00 0.00000000e+00 7.21333333e-03 0.00000000e+00 0.00000000e+00 6.85733333e-02 1.05333333e-03 6.77333333e-03 0.00000000e+00 5.60000000e-04 1.53333333e-03 1.09333333e-01 1.46666667e-04 0.00000000e+00 7.19333333e-02 5.90533333e-02 2.16000000e-03 1.61333333e-03 8.52000000e-03 8.00000000e-05 1.20000000e-04 0.00000000e+00 5.53333333e-03
 0.00000000e+00 0.00000000e+00 0.00000000e+00 2.24666667e-02 2.53333333e-04 3.21333333e-03 9.60000000e-04 1.34666667e-03 1.17333333e-03 9.18666667e-03 0.00000000e+00 4.96000000e-03 0.00000000e+00 4.26666667e-04 6.66666667e-05 0.00000000e+00 0.00000000e+00 0.00000000e+00 0.00000000e+00 1.21333333e-02 0.00000000e+00 0.00000000e+00 0.00000000e+00 2.69333333e-03 0.00000000e+00 0.00000000e+00 0.00000000e+00 3.32533333e-02 5.33333333e-04 0.00000000e+00 0.00000000e+00 1.20000000e-04 0.00000000e+00 4.13333333e-04 8.00000000e-05 0.00000000e+00 0.00000000e+00 0.00000000e+00 5.73333333e-04 2.66666667e-03 3.70666667e-03 3.65333333e-03 2.10666667e-03 3.51200000e-01 1.60000000e-04 1.19466667e-02 0.00000000e+00 4.98666667e-03 2.26666667e-04 0.00000000e+00 1.33333333e-04 1.20000000e-04 0.00000000e+00 3.29666667e-01 0.00000000e+00 1.06666667e-04 1.86666667e-04 1.91466667e-02 0.00000000e+00 3.06666667e-04 1.50666667e-03 1.30506667e-01 4.17333333e-03 6.66666667e-05 0.00000000e+00 8.13333333e-04 0.00000000e+00 9.73333333e-04
 0.00000000e+00 0.00000000e+00 0.00000000e+00 0.00000000e+00 0.00000000e+00 0.00000000e+00 0.00000000e+00 0.00000000e+00 0.00000000e+00 0.00000000e+00 0.00000000e+00 0.00000000e+00 0.00000000e+00 0.00000000e+00 0.00000000e+00 0.00000000e+00 0.00000000e+00 0.00000000e+00 0.00000000e+00 0.00000000e+00 0.00000000e+00 0.00000000e+00 0.00000000e+00 0.00000000e+00 0.00000000e+00 0.00000000e+00 0.00000000e+00 0.00000000e+00 0.00000000e+00 0.00000000e+00 0.00000000e+00 0.00000000e+00 0.00000000e+00 0.00000000e+00 0.00000000e+00 1.46666667e-04 0.00000000e+00 5.73333333e-04 0.00000000e+00 2.57733333e-02 2.93333333e-04 7.33333333e-04 0.00000000e+00 7.06666667e-04 0.00000000e+00 0.00000000e+00 0.00000000e+00 6.66666667e-05 4.61333333e-03 0.00000000e+00 0.00000000e+00 0.00000000e+00 0.00000000e+00 6.66666667e-05 0.00000000e+00 1.20000000e-04 0.00000000e+00 3.20000000e-03 0.00000000e+00 0.00000000e+00 1.46666667e-04 3.02666667e-03 1.06666667e-04 0.00000000e+00 0.00000000e+00 2.45200000e-02 0.00000000e+00 1.20000000e-04
