 0.00000000e+00 0.00000000e+00 7.73333333e-04 0.00000000e+00 0.00000000e+00 1.33333333e-04 2.51466667e-02 1.38933333e-02 0.00000000e+00 5.46666667e-04 5.60000000e-04 0.00000000e+00 1.33333333e-04 7.50400000e-02 0.00000000e+00 0.00000000e+00 1.53333333e-03 8.66666667e-04 1.54666667e-03 0.00000000e+00 4.00000000e-04 0.00000000e+00 1.32000000e-03 8.93333333e-04 0.00000000e+00 1.70666667e-03 7.60000000e-04 1.80000000e-03 8.83066667e-02 6.77866667e-02 0.00000000e+00 2.80000000e-04 0.00000000e+00 2.45333333e-03 0.00000000e+00 0.00000000e+00 0.00000000e+00 0.00000000e+00 0.00000000e+00 0.00000000e+00 0.00000000e+00 0.00000000e+00 0.00000000e+00 0.00000000e+00 0.00000000e+00 0.00000000e+00 0.00000000e+00 0.00000000e+00 0.00000000e+00 0.00000000e+00 0.00000000e+00 0.00000000e+00 0.00000000e+00 0.00000000e+00 0.00000000e+00 0.00000000e+00 0.00000000e+00 2.53333333e-04 0.00000000e+00 0.00000000e+00 0.00000000e+00 4.40000000e-04 0.00000000e+00 0.00000000e+00 0.00000000e+00 0.00000000e+00 0.00000000e+00 0.00000000e+00
 0.00000000e+00 0.00000000e+00 0.00000000e+00 0.00000000e+00 0.00000000e+00 0.00000000e+00 0.00000000e+00 1.46666667e-04 2.13333333e-04 0.00000000e+00 6.13333333e-04 0.00000000e+00 1.04666667e-02 0.00000000e+00 0.00000000e+00 0.00000000e+00 0.00000000e+00 0.00000000e+00 0.00000000e+00 0.00000000e+00 0.00000000e+00 3.32000000e-03 0.00000000e+00 2.58666667e-03 7.86666667e-03 1.01333333e-03 1.18933333e-02 0.00000000e+00 0.00000000e+00 0.00000000e+00 1.12000000e-03 1.33333333e-04 0.00000000e+00 9.60000000e-04 0.00000000e+00 0.00000000e+00 0.00000000e+00 0.00000000e+00 0.00000000e+00 0.00000000e+00 0.00000000e+00 0.00000000e+00 0.00000000e+00 0.00000000e+00 0.00000000e+00 0.00000000e+00 0.00000000e+00 0.00000000e+00 0.00000000e+00 0.00000000e+00 0.00000000e+00 0.00000000e+00 0.00000000e+00 0.00000000e+00 0.00000000e+00 0.00000000e+00 0.00000000e+00 0.00000000e+00 0.00000000e+00 6.66666667e-05 3.73333333e-04 0.00000000e+00 0.00000000e+00 0.00000000e+00 0.00000000e+00 0.00000000e+00 0.00000000e+00 0.00000000e+00
 7.73333333e-04 0.00000000e+00 0.00000000e+00 0.00000000e+00 0.00000000e+00 3.10666667e-03 2.07866667e-02 3.58666667e-03 0.00000000e+00 9.04000000e-03 1.08000000e-03 1.06666667e-04 0.00000000e+00 8.86666667e-03 9.33333333e-05 0.00000000e+00 9.36533333e-02 1.22666667e-03 7.86666667e-03 6.66666667e-05 1.43333333e-02 0.00000000e+00 1.13173333e-01 2.26666667e-04 0.00000000e+00 6.84933333e-02 1.31026667e-01 6.49333333e-03 8.80000000e-04 5.02666667e-03 0.00000000e+00 1.20000000e-04 0.00000000e+00 3.20000000e-03 0.00000000e+00 5.33333333e-04 8.00000000e-03 0.00000000e+00 0.00000000e+00 0.00000000e+00 1.60000000e-04 0.00000000e+00 0.00000000e+00 0.00000000e+00 0.00000000e+00 0.00000000e+00 0.00000000e+00 0.00000000e+00 0.00000000e+00 0.00000000e+00 1.04000000e-03 0.00000000e+00 1.60000000e-04 0.00000000e+00 0.00000000e+00 0.00000000e+00 2.13333333e-03 0.00000000e+00 0.00000000e+00 1.53333333e-03 1.56933333e-02 1.60000000e-04 0.00000000e+00 0.00000000e+00 0.00000000e+00 0.00000000e+00 0.00000000e+00 1.46666667e-04
 0.00000000e+00 0.00000000e+00 0.00000000e+00 0.00000000e+00 6.13333333e-04 6.10666667e-03 2.22666667e-03 2.56000000e-03 8.06666667e-03 8.54133333e-02 2.53333333e-04 1.92133333e-02 1.20000000e-04 1.61333333e-03 1.73333333e-03 0.00000000e+00 0.00000000e+00 0.00000000e+00 0.00000000e+00 8.82933333e-02 0.00000000e+00 0.00000000e+00 0.00000000e+00 1.37466667e-02 0.00000000e+00 3.06666667e-04 5.46666667e-04 9.26800000e-02 1.21333333e-03 0.00000000e+00 0.00000000e+00 5.60000000e-04 0.00000000e+00 7.73333333e-04 0.00000000e+00 0.00000000e+00 0.00000000e+00 7.06666667e-04 0.00000000e+00 4.93333333e-04 7.20000000e-04 2.66666667e-04 4.00000000e-04 2.84000000e-03 0.00000000e+00 3.14666667e-03 0.00000000e+00 2.93333333e-04 0.00000000e+00 0.00000000e+00 0.00000000e+00 0.00000000e+00 0.00000000e+00 2.69333333e-03 0.00000000e+00 0.00000000e+00 0.00000000e+00 1.64000000e-03 0.00000000e+00 0.00000000e+00 0.00000000e+00 2.46666667e-03 3.20000000e-04 0.00000000e+00 0.00000000e+00 0.00000000e+00 0.00000000e+00 0.00000000e+00
 0.00000000e+00 0.00000000e+00 0.00000000e+00 6.13333333e-04 0.00000000e+00 4.08000000e-03 2.26666667e-04 0.00000000e+00 5.20000000e-04 1.24000000e-03 0.00000000e+00 1.05333333e-03 1.86666667e-04 0.00000000e+00 2.51066667e-02 0.00000000e+00 0.00000000e+00 0.00000000e+00 0.00000000e+00 4.13333333e-04 0.00000000e+00 1.28000000e-03 0.00000000e+00 4.34666667e-03 0.00000000e+00 1.46666667e-04 1.52000000e-03 1.80000000e-03 0.00000000e+00 0.00000000e+00 0.00000000e+00 5.20000000e-03 0.00000000e+00 1.46666667e-04 0.00000000e+00 0.00000000e+00 0.00000000e+00 0.00000000e+00 0.00000000e+00 0.00000000e+00 0.00000000e+00 0.00000000e+00 0.00000000e+00 0.00000000e+00 0.00000000e+00 0.00000000e+00 0.00000000e+00 0.00000000e+00 0.00000000e+00 0.00000000e+00 0.00000000e+00 0.00000000e+00 0.00000000e+00 0.00000000e+00 0.00000000e+00 0.00000000e+00 0.00000000e+00 0.00000000e+00 0.00000000e+00 0.00000000e+00 0.00000000e+00 0.00000000e+00 0.00000000e+00 0.00000000e+00 0.00000000e+00 0.00000000e+00 0.00000000e+00 0.00000000e+00
 1.33333333e-04 0.00000000e+00 3.10666667e-03 6.10666667e-03 4.08000000e-03 0.00000000e+00 1.43866667e-02 9.22533333e-02 4.26666667e-04 2.89613333e-01 1.81333333e-03 3.16666667e-02 1.05333333e-03 3.97333333e-03 1.05733333e-02 0.00000000e+00 3.60000000e-04 4.66666667e-04 2.80000000e-04 1.12800000e-02 1.60000000e-04 0.00000000e+00 1.46666667e-03 9.46666667e-04 0.00000000e+00 2.02666667e-03 1.20000000e-03 1.08266667e-02 1.78666667e-03 2.26666667e-04 8.00000000e-05 4.56000000e-02 0.00000000e+00 2.52000000e-03 0.00000000e+00 0.00000000e+00 0.00000000e+00 9.33333333e-05 0.00000000e+00 0.00000000e+00 1.33333333e-04 0.00000000e+00 0.00000000e+00 1.20000000e-04 0.00000000e+00 0.00000000e+00 0.00000000e+00 0.00000000e+00 0.00000000e+00 0.00000000e+00 0.00000000e+00 0.00000000e+00 0.00000000e+00 0.00000000e+00 0.00000000e+00 0.00000000e+00 0.00000000e+00 2.13333333e-04 0.00000000e+00 0.00000000e+00 0.00000000e+00 2.26666667e-04 0.00000000e+00 0.00000000e+00 0.00000000e+00 0.00000000e+00 0.00000000e+00 0.00000000e+00
 2.51466667e-02 0.00000000e+00 2.07866667e-02 2.22666667e-03 2.26666667e-04 1.43866667e-02 0.00000000e+00 3.98000000e-02 2.32000000e-03 1.63653333e-01 7.06666667e-04 3.60000000e-04 2.66666667e-04 1.40986667e-01 7.46666667e-04 0.00000000e+00 1.66666667e-03 7.46666667e-04 8.80000000e-04 5.33333333e-04 4.08000000e-03 0.00000000e+00 2.57333333e-02 6.04000000e-03 0.00000000e+00 7.38666667e-03 6.61333333e-03 1.94653333e-01 2.57066667e-02 8.95200000e-02 0.00000000e+00 9.20000000e-04 2.26666667e-04 7.50666667e-03 0.00000000e+00 0.00000000e+00 0.00000000e+00 9.20000000e-04 0.00000000e+00 0.00000000e+00 2.36000000e-03 0.00000000e+00 2.13333333e-04 2.66666667e-03 0.00000000e+00 6.40000000e-04 0.00000000e+00 6.66666667e-05 0.00000000e+00 8.00000000e-05 0.00000000e+00 0.00000000e+00 0.00000000e+00 4.93333333e-04 1.33333333e-04 0.00000000e+00 0.00000000e+00 5.62666667e-03 0.00000000e+00 0.00000000e+00 6.66666667e-05 7.65333333e-03 2.53333333e-04 1.46666667e-04 0.00000000e+00 0.00000000e+00 0.00000000e+00 9.33333333e-05
 1.38933333e-02 1.46666667e-04 3.58666667e-03 2.56000000e-03 0.00000000e+00 9.22533333e-02 3.98000000e-02 0.00000000e+00 1.60000000e-04 5.22266667e-02 9.38666667e-03 1.14400000e-02 3.93333333e-03 1.84520000e-01 1.22666667e-03 0.00000000e+00 2.32000000e-03 3.92000000e-03 2.96000000e-03 4.98666667e-03 3.86666667e-04 0.00000000e+00 3.48000000e-03 4.13333333e-04 2.13333333e-04 8.86666667e-03 6.86666667e-03 4.13333333e-03 1.13066667e-02 1.32000000e-02 4.26666667e-04 5.38266667e-02 0.00000000e+00 1.06266667e-02 0.00000000e+00 0.00000000e+00 0.00000000e+00 0.00000000e+00 0.00000000e+00 0.00000000e+00 1.20000000e-04 0.00000000e+00 0.00000000e+00 0.00000000e+00 0.00000000e+00 0.00000000e+00 0.00000000e+00 0.00000000e+00 0.00000000e+00 0.00000000e+00 0.00000000e+00 0.00000000e+00 0.00000000e+00 0.00000000e+00 0.00000000e+00 0.00000000e+00 0.00000000e+00 2.93333333e-04 0.00000000e+00 0.00000000e+00 0.00000000e+00 3.06666667e-04 0.00000000e+00 0.00000000e+00 0.00000000e+00 0.00000000e+00 0.00000000e+00 0.00000000e+00
 0.00000000e+00 2.13333333e-04 0.00000000e+00 8.06666667e-03 5.20000000e-04 4.26666667e-04 2.32000000e-03 1.60000000e-04 0.00000000e+00 4.97333333e-03 1.60000000e-04 6.14666667e-03 1.05333333e-03 2.40000000e-04 4.53333333e-04 0.00000000e+00 0.00000000e+00 0.00000000e+00 0.00000000e+00 3.32000000e-03 0.00000000e+00 1.12800000e-02 0.00000000e+00 4.23200000e-02 1.20000000e-04 8.53333333e-04 7.90666667e-03 1.58666667e-02 8.66666667e-04 1.60000000e-04 2.40000000e-04 1.73333333e-04 0.00000000e+00 2.00000000e-04 0.00000000e+00 0.00000000e+00 0.00000000e+00 2.00000000e-04 0.00000000e+00 0.00000000e+00 1.73333333e-04 0.00000000e+00 0.00000000e+00 3.33333333e-04 0.00000000e+00 0.00000000e+00 0.00000000e+00 0.00000000e+00 0.00000000e+00 0.00000000e+00 0.00000000e+00 0.00000000e+00 0.00000000e+00 8.00000000e-05 0.00000000e+00 0.00000000e+00 0.00000000e+00 1.00000000e-03 0.00000000e+00 0.00000000e+00 0.00000000e+00 9.33333333e-04 6.66666667e-05 0.00000000e+00 0.00000000e+00 0.00000000e+00 0.00000000e+00 0.00000000e+00
 5.46666667e-04 0.00000000e+00 9.04000000e-03 8.54133333e-02 1.24000000e-03 2.89613333e-01 1.63653333e-01 5.22266667e-02 4.97333333e-03 0.00000000e+00 1.69333333e-03 1.21946667e-01 1.06666667e-03 2.22266667e-02 8.09333333e-03 0.00000000e+00 5.60000000e-04 7.46666667e-04 5.06666667e-04 1.26120000e-01 5.60000000e-04 0.00000000e+00 5.14666667e-03 6.46666667e-03 0.00000000e+00 5.05333333e-03 3.56000000e-03 1.41840000e-01 1.01066667e-02 4.26666667e-04 9.33333333e-05 3.25333333e-03 0.00000000e+00 5.73333333e-03 0.00000000e+00 0.00000000e+00 0.00000000e+00 6.00000000e-04 0.00000000e+00 0.00000000e+00 7.73333333e-04 0.00000000e+00 1.33333333e-04 1.76000000e-03 0.00000000e+00 6.26666667e-04 0.00000000e+00 0.00000000e+00 0.00000000e+00 0.00000000e+00 0.00000000e+00 0.00000000e+00 0.00000000e+00 2.80000000e-04 0.00000000e+00 0.00000000e+00 0.00000000e+00 1.54666667e-03 0.00000000e+00 0.00000000e+00 0.00000000e+00 2.53333333e-03 8.00000000e-05 0.00000000e+00 0.00000000e+00 0.00000000e+00 0.00000000e+00 0.00000000e+00
 5.60000000e-04 6.13333333e-04 1.08000000e-03 2.53333333e-04 0.00000000e+00 1.81333333e-03 7.06666667e-04 9.38666667e-03 1.60000000e-04 1.69333333e-03 0.00000000e+00 1.10666667e-03 6.74266667e-02 6.92000000e-03 1.60000000e-04 0.00000000e+00 9.06666667e-04 9.90266667e-02 1.99600000e-02 2.40000000e-04 1.06666667e-04 5.20000000e-04 3.73333333e-04 3.06666667e-04 1.25333333e-03 7.46133333e-02 1.60933333e-02 4.13333333e-04 3.54666667e-03 1.02666667e-03 8.06666667e-03 7.01333333e-03 0.00000000e+00 3.60533333e-02 0.00000000e+00 0.00000000e+00 0.00000000e+00 0.00000000e+00 0.00000000e+00 0.00000000e+00 0.00000000e+00 0.00000000e+00 0.00000000e+00 0.00000000e+00 7.60000000e-04 0.00000000e+00 2.90666667e-03 0.00000000e+00 0.00000000e+00 0.00000000e+00 0.00000000e+00 4.00000000e-04 0.00000000e+00 0.00000000e+00 0.00000000e+00 0.00000000e+00 0.00000000e+00 0.00000000e+00 9.33333333e-05 1.14666667e-03 1.02666667e-03 0.00000000e+00 0.00000000e+00 0.00000000e+00 5.73333333e-04 0.00000000e+00 0.00000000e+00 2.00000000e-04
 0.00000000e+00 0.00000000e+00 1.06666667e-04 1.92133333e-02 1.05333333e-03 3.16666667e-02 3.60000000e-04 1.14400000e-02 6.14666667e-03 1.21946667e-01 1.10666667e-03 0.00000000e+00 6.26666667e-04 7.22666667e-03 8.48000000e-03 0.00000000e+00 0.00000000e+00 3.06666667e-04 1.20000000e-04 3.07066667e-02 0.00000000e+00 0.00000000e+00 0.00000000e+00 9.46666667e-04 0.00000000e+00 1.26666667e-03 1.68000000e-03 1.96266667e-02 2.96000000e-03 6.66666667e-05 0.00000000e+00 1.90666667e-03 0.00000000e+00 1.90666667e-03 0.00000000e+00 0.00000000e+00 0.00000000e+00 9.33333333e-05 0.00000000e+00 0.00000000e+00 6.66666667e-05 0.00000000e+00 8.00000000e-05 2.00000000e-04 0.00000000e+00 2.80000000e-04 0.00000000e+00 0.00000000e+00 0.00000000e+00 0.00000000e+00 0.00000000e+00 0.00000000e+00 0.00000000e+00 0.00000000e+00 0.00000000e+00 0.00000000e+00 0.00000000e+00 2.00000000e-04 0.00000000e+00 0.00000000e+00 0.00000000e+00 2.93333333e-04 0.00000000e+00 0.00000000e+00 0.00000000e+00 0.00000000e+00 0.00000000e+00 0.00000000e+00
 1.33333333e-04 1.04666667e-02 0.00000000e+00 1.20000000e-04 1.86666667e-04 1.05333333e-03 2.66666667e-04 3.93333333e-03 1.05333333e-03 1.06666667e-03 6.74266667e-02 6.26666667e-04 0.00000000e+00 2.25333333e-03 2.00000000e-04 0.00000000e+00 0.00000000e+00 9.46666667e-04 6.66666667e-05 8.00000000e-05 0.00000000e+00 4.10666667e-03 0.00000000e+00 2.62666667e-03 4.70933333e-02 1.35466667e-02 5.45600000e-02 2.66666667e-04 8.13333333e-04 9.33333333e-05 3.96533333e-02 3.97333333e-03 0.00000000e+00 1.91333333e-02 0.00000000e+00 0.00000000e+00 0.00000000e+00 0.00000000e+00 0.00000000e+00 0.00000000e+00 0.00000000e+00 0.00000000e+00 0.00000000e+00 0.00000000e+00 6.94666667e-03 0.00000000e+00 8.38666667e-03 0.00000000e+00 0.00000000e+00 0.00000000e+00 0.00000000e+00 8.00000000e-04 0.00000000e+00 0.00000000e+00 0.00000000e+00 0.00000000e+00 0.00000000e+00 0.00000000e+00 1.01333333e-03 4.50666667e-03 2.09333333e-03 6.66666667e-05 0.00000000e+00 0.00000000e+00 2.32000000e-03 9.33333333e-05 0.00000000e+00 6.53333333e-04
 7.50400000e-02 0.00000000e+00 8.86666667e-03 1.61333333e-03 0.00000000e+00 3.97333333e-03 1.40986667e-01 1.84520000e-01 2.40000000e-04 2.22266667e-02 6.92000000e-03 7.22666667e-03 2.25333333e-03 0.00000000e+00 1.06666667e-04 0.00000000e+00 5.96000000e-03 5.29333333e-03 6.49333333e-03 3.42666667e-03 9.46666667e-04 0.00000000e+00 8.53333333e-03 9.33333333e-04 8.00000000e-05 1.29333333e-02 7.66666667e-03 4.36000000e-03 8.89733333e-02 4.14933333e-02 2.93333333e-04 1.65333333e-02 0.00000000e+00 1.61866667e-02 0.00000000e+00 0.00000000e+00 0.00000000e+00 0.00000000e+00 0.00000000e+00 0.00000000e+00 1.73333333e-04 0.00000000e+00 0.00000000e+00 9.33333333e-05 0.00000000e+00 0.00000000e+00 0.00000000e+00 0.00000000e+00 0.00000000e+00 0.00000000e+00 0.00000000e+00 0.00000000e+00 0.00000000e+00 0.00000000e+00 0.00000000e+00 0.00000000e+00 0.00000000e+00 2.93333333e-04 0.00000000e+00 0.00000000e+00 0.00000000e+00 4.26666667e-04 0.00000000e+00 0.00000000e+00 0.00000000e+00 0.00000000e+00 0.00000000e+00 0.00000000e+00
 0.00000000e+00 0.00000000e+00 9.33333333e-05 1.73333333e-03 2.51066667e-02 1.05733333e-02 7.46666667e-04 1.22666667e-03 4.53333333e-04 8.09333333e-03 1.60000000e-04 8.48000000e-03 2.00000000e-04 1.06666667e-04 0.00000000e+00 0.00000000e+00 0.00000000e+00 0.00000000e+00 0.00000000e+00 2.02666667e-03 0.00000000e+00 1.05333333e-03 0.00000000e+00 8.44000000e-03 0.00000000e+00 2.40000000e-04 1.78666667e-03 3.97333333e-03 1.86666667e-04 0.00000000e+00 0.00000000e+00 3.69333333e-03 0.00000000e+00 1.86666667e-04 0.00000000e+00 0.00000000e+00 0.00000000e+00 0.00000000e+00 0.00000000e+00 0.00000000e+00 0.00000000e+00 0.00000000e+00 0.00000000e+00 0.00000000e+00 0.00000000e+00 0.00000000e+00 0.00000000e+00 0.00000000e+00 0.00000000e+00 0.00000000e+00 0.00000000e+00 0.00000000e+00 0.00000000e+00 0.00000000e+00 0.00000000e+00 0.00000000e+00 0.00000000e+00 0.00000000e+00 0.00000000e+00 0.00000000e+00 0.00000000e+00 6.66666667e-05 0.00000000e+00 0.00000000e+00 0.00000000e+00 0.00000000e+00 0.00000000e+00 0.00000000e+00
 0.00000000e+00 0.00000000e+00 0.00000000e+00 0.00000000e+00 0.00000000e+00 0.00000000e+00 0.00000000e+00 0.00000000e+00 0.00000000e+00 0.00000000e+00 0.00000000e+00 0.00000000e+00 0.00000000e+00 0.00000000e+00 0.00000000e+00 0.00000000e+00 0.00000000e+00 0.00000000e+00 0.00000000e+00 0.00000000e+00 6.64533333e-02 1.12000000e-02 7.33466667e-02 6.50666667e-03 0.00000000e+00 0.00000000e+00 2.58666667e-02 4.16000000e-03 0.00000000e+00 1.60000000e-04 0.00000000e+00 0.00000000e+00 0.00000000e+00 3.86666667e-04 0.00000000e+00 0.00000000e+00 0.00000000e+00 0.00000000e+00 0.00000000e+00 0.00000000e+00 6.66666667e-05 0.00000000e+00 0.00000000e+00 0.00000000e+00 0.00000000e+00 0.00000000e+00 0.00000000e+00 0.00000000e+00 0.00000000e+00 2.92800000e-02 0.00000000e+00 0.00000000e+00 0.00000000e+00 0.00000000e+00 4.01333333e-03 8.40000000e-04 1.58800000e-02 4.40000000e-04 0.00000000e+00 0.00000000e+00 6.06666667e-03 4.26666667e-04 8.00000000e-05 8.66666667e-04 0.00000000e+00 0.00000000e+00 0.00000000e+00 0.00000000e+00
 1.53333333e-03 0.00000000e+00 9.36533333e-02 0.00000000e+00 0.00000000e+00 3.60000000e-04 1.66666667e-03 2.32000000e-03 0.00000000e+00 5.60000000e-04 9.06666667e-04 0.00000000e+00 0.00000000e+00 5.96000000e-03 0.00000000e+00 0.00000000e+00 0.00000000e+00 3.72000000e-03 6.37066667e-02 0.00000000e+00 1.80533333e-02 0.00000000e+00 2.97600000e-02 4.93333333e-04 0.00000000e+00 5.38400000e-02 4.44666667e-02 4.53333333e-04 5.69333333e-03 2.10266667e-02 0.00000000e+00 6.66666667e-05 0.00000000e+00 9.40000000e-03 0.00000000e+00 9.33333333e-05 5.33333333e-04 0.00000000e+00 0.00000000e+00 0.00000000e+00 0.00000000e+00 0.00000000e+00 0.00000000e+00 0.00000000e+00 0.00000000e+00 0.00000000e+00 0.00000000e+00 0.00000000e+00 0.00000000e+00 0.00000000e+00 0.00000000e+00 0.00000000e+00 0.00000000e+00 0.00000000e+00 0.00000000e+00 0.00000000e+00 0.00000000e+00 0.00000000e+00 0.00000000e+00 2.26666667e-04 1.14666667e-03 0.00000000e+00 0.00000000e+00 0.00000000e+00 0.00000000e+00 0.00000000e+00 0.00000000e+00 0.00000000e+00
 8.66666667e-04 0.00000000e+00 1.22666667e-03 0.00000000e+00 0.00000000e+00 4.66666667e-04 7.46666667e-04 3.92000000e-03 0.00000000e+00 7.46666667e-04 9.90266667e-02 3.06666667e-04 9.46666667e-04 5.29333333e-03 0.00000000e+00 0.00000000e+00 3.72000000e-03 0.00000000e+00 7.39466667e-02 1.33333333e-04 5.33333333e-04 0.00000000e+00 1.08000000e-03 6.66666667e-05 1.33333333e-04 5.00666667e-02 1.81866667e-02 9.33333333e-05 3.80000000e-03 1.82666667e-03 6.93333333e-04 1.65333333e-03 0.00000000e+00 1.92800000e-02 0.00000000e+00 0.00000000e+00 0.00000000e+00 0.00000000e+00 0.00000000e+00 0.00000000e+00 0.00000000e+00 0.00000000e+00 0.00000000e+00 0.00000000e+00 5.73333333e-04 0.00000000e+00 8.66666667e-04 0.00000000e+00 0.00000000e+00 0.00000000e+00 0.00000000e+00 6.40000000e-04 0.00000000e+00 0.00000000e+00 0.00000000e+00 0.00000000e+00 0.00000000e+00 0.00000000e+00 0.00000000e+00 2.49333333e-03 1.42666667e-03 0.00000000e+00 0.00000000e+00 0.00000000e+00 3.06666667e-04 0.00000000e+00 0.00000000e+00 0.00000000e+00
 1.54666667e-03 0.00000000e+00 7.86666667e-03 0.00000000e+00 0.00000000e+00 2.80000000e-04 8.80000000e-04 2.96000000e-03 0.00000000e+00 5.06666667e-04 1.99600000e-02 1.20000000e-04 6.66666667e-05 6.49333333e-03 0.00000000e+00 0.00000000e+00 6.37066667e-02 7.39466667e-02 0.00000000e+00 0.00000000e+00 2.88000000e-03 0.00000000e+00 6.96000000e-03 3.73333333e-04 0.00000000e+00 6.59733333e-02 2.63066667e-02 2.26666667e-04 6.06666667e-03 8.48000000e-03 0.00000000e+00 2.13333333e-04 0.00000000e+00 5.26666667e-03 0.00000000e+00 0.00000000e+00 0.00000000e+00 0.00000000e+00 0.00000000e+00 0.00000000e+00 0.00000000e+00 0.00000000e+00 0.00000000e+00 0.00000000e+00 0.00000000e+00 0.00000000e+00 0.00000000e+00 0.00000000e+00 0.00000000e+00 0.00000000e+00 0.00000000e+00 6.66666667e-05 0.00000000e+00 0.00000000e+00 0.00000000e+00 0.00000000e+00 0.00000000e+00 0.00000000e+00 0.00000000e+00 6.66666667e-04 7.73333333e-04 0.00000000e+00 0.00000000e+00 0.00000000e+00 0.00000000e+00 0.00000000e+00 0.00000000e+00 0.00000000e+00
 0.00000000e+00 0.00000000e+00 6.66666667e-05 8.82933333e-02 4.13333333e-04 1.12800000e-02 5.33333333e-04 4.98666667e-03 3.32000000e-03 1.26120000e-01 2.40000000e-04 3.07066667e-02 8.00000000e-05 3.42666667e-03 2.02666667e-03 0.00000000e+00 0.00000000e+00 1.33333333e-04 0.00000000e+00 0.00000000e+00 0.00000000e+00 0.00000000e+00 0.00000000e+00 1.38666667e-03 0.00000000e+00 3.46666667e-04 5.86666667e-04 2.57066667e-02 1.48000000e-03 0.00000000e+00 0.00000000e+00 5.73333333e-04 0.00000000e+00 3.20000000e-04 0.00000000e+00 0.00000000e+00 0.00000000e+00 2.13333333e-04 0.00000000e+00 0.00000000e+00 2.00000000e-04 0.00000000e+00 0.00000000e+00 3.86666667e-04 0.00000000e+00 3.06666667e-04 0.00000000e+00 0.00000000e+00 0.00000000e+00 0.00000000e+00 0.00000000e+00 0.00000000e+00 0.00000000e+00 9.33333333e-05 0.00000000e+00 0.00000000e+00 0.00000000e+00 3.60000000e-04 0.00000000e+00 0.00000000e+00 0.00000000e+00 5.73333333e-04 0.00000000e+00 0.00000000e+00 0.00000000e+00 0.00000000e+00 0.00000000e+00 0.00000000e+00
 4.00000000e-04 0.00000000e+00 1.43333333e-02 0.00000000e+00 0.00000000e+00 1.60000000e-04 4.08000000e-03 3.86666667e-04 0.00000000e+00 5.60000000e-04 1.06666667e-04 0.00000000e+00 0.00000000e+00 9.46666667e-04 0.00000000e+00 6.64533333e-02 1.80533333e-02 5.33333333e-04 2.88000000e-03 0.00000000e+00 0.00000000e+00 5.20000000e-04 1.74186667e-01 8.42666667e-03 0.00000000e+00 2.44000000e-03 1.25466667e-02 3.38800000e-02 1.81333333e-03 5.53733333e-02 0.00000000e+00 0.00000000e+00 0.00000000e+00 4.27333333e-02 1.86666667e-04 0.00000000e+00 0.00000000e+00 0.00000000e+00 0.00000000e+00 0.00000000e+00 4.00000000e-04 0.00000000e+00 0.00000000e+00 0.00000000e+00 0.00000000e+00 0.00000000e+00 0.00000000e+00 0.00000000e+00 0.00000000e+00 1.16800000e-02 0.00000000e+00 0.00000000e+00 0.00000000e+00 0.00000000e+00 9.33333333e-03 0.00000000e+00 2.20000000e-03 3.06666667e-03 0.00000000e+00 0.00000000e+00 1.60000000e-04 3.96000000e-03 7.60000000e-04 4.74666667e-03 0.00000000e+00 0.00000000e+00 0.00000000e+00 0.00000000e+00
 0.00000000e+00 3.32000000e-03 0.00000000e+00 0.00000000e+00 1.28000000e-03 0.00000000e+00 0.00000000e+00 0.00000000e+00 1.12800000e-02 0.00000000e+00 5.20000000e-04 0.00000000e+00 4.10666667e-03 0.00000000e+00 1.05333333e-03 1.12000000e-02 0.00000000e+00 0.00000000e+00 0.00000000e+00 0.00000000e+00 5.20000000e-04 0.00000000e+00 4.80000000e-04 1.38800000e-02 1.60000000e-03 1.24000000e-03 1.67066667e-02 8.26666667e-04 0.00000000e+00 0.00000000e+00 6.80000000e-04 1.06666667e-04 0.00000000e+00 4.66666667e-04 0.00000000e+00 0.00000000e+00 0.00000000e+00 0.00000000e+00 0.00000000e+00 0.00000000e+00 0.00000000e+00 0.00000000e+00 0.00000000e+00 0.00000000e+00 0.00000000e+00 0.00000000e+00 0.00000000e+00 0.00000000e+00 0.00000000e+00 8.26666667e-04 0.00000000e+00 0.00000000e+00 0.00000000e+00 0.00000000e+00 1.20000000e-04 0.00000000e+00 6.66666667e-05 1.33333333e-04 0.00000000e+00 0.00000000e+00 5.06666667e-04 9.33333333e-05 0.00000000e+00 8.00000000e-05 0.00000000e+00 0.00000000e+00 0.00000000e+00 0.00000000e+00
 1.32000000e-03 0.00000000e+00 1.13173333e-01 0.00000000e+00 0.00000000e+00 1.46666667e-03 2.57333333e-02 3.48000000e-03 0.00000000e+00 5.14666667e-03 3.73333333e-04 0.00000000e+00 0.00000000e+00 8.53333333e-03 0.00000000e+00 7.33466667e-02 2.97600000e-02 1.08000000e-03 6.96000000e-03 0.00000000e+00 1.74186667e-01 4.80000000e-04 0.00000000e+00 3.09333333e-03 0.00000000e+00 1.30800000e-02 1.40760000e-01 4.06533333e-02 4.69333333e-03 4.56666667e-02 0.00000000e+00 6.66666667e-05 2.13333333e-04 3.06533333e-02 0.00000000e+00 0.00000000e+00 1.54666667e-03 0.00000000e+00 0.00000000e+00 0.00000000e+00 0.00000000e+00 0.00000000e+00 0.00000000e+00 0.00000000e+00 0.00000000e+00 0.00000000e+00 0.00000000e+00 0.00000000e+00 0.00000000e+00 2.13466667e-02 9.33333333e-05 0.00000000e+00 0.00000000e+00 0.00000000e+00 3.73333333e-03 4.66666667e-04 1.32000000e-02 3.20000000e-04 0.00000000e+00 0.00000000e+00 1.09733333e-02 5.33333333e-04 0.00000000e+00 5.20000000e-04 0.00000000e+00 0.00000000e+00 0.00000000e+00 0.00000000e+00
 8.93333333e-04 2.58666667e-03 2.26666667e-04 1.37466667e-02 4.34666667e-03 9.46666667e-04 6.04000000e-03 4.13333333e-04 4.23200000e-02 6.46666667e-03 3.06666667e-04 9.46666667e-04 2.62666667e-03 9.33333333e-04 8.44000000e-03 6.50666667e-03 4.93333333e-04 6.66666667e-05 3.73333333e-04 1.38666667e-03 8.42666667e-03 1.38800000e-02 3.09333333e-03 0.00000000e+00 9.86666667e-04 2.28000000e-03 5.69733333e-02 7.30400000e-02 8.85333333e-03 5.77333333e-03 5.06666667e-04 7.06666667e-04 4.53333333e-04 1.84000000e-03 1.12000000e-03 0.00000000e+00 1.06666667e-04 1.46666667e-03 0.00000000e+00 0.00000000e+00 6.36000000e-03 1.46666667e-04 1.12000000e-03 3.36000000e-03 6.66666667e-05 6.00000000e-04 0.00000000e+00 1.06666667e-04 0.00000000e+00 5.13333333e-03 0.00000000e+00 0.00000000e+00 0.00000000e+00 4.66666667e-04 4.38666667e-03 8.66666667e-04 7.20000000e-04 3.05333333e-02 0.00000000e+00 2.26666667e-04 9.86666667e-04 2.43333333e-02 3.26666667e-03 5.90666667e-03 0.00000000e+00 8.00000000e-05 0.00000000e+00 1.73333333e-04
 0.00000000e+00 7.86666667e-03 0.00000000e+00 0.00000000e+00 0.00000000e+00 0.00000000e+00 0.00000000e+00 2.13333333e-04 1.20000000e-04 0.00000000e+00 1.25333333e-03 0.00000000e+00 4.70933333e-02 8.00000000e-05 0.00000000e+00 0.00000000e+00 0.00000000e+00 1.33333333e-04 0.00000000e+00 0.00000000e+00 0.00000000e+00 1.60000000e-03 0.00000000e+00 9.86666667e-04 0.00000000e+00 2.41333333e-03 1.96400000e-02 0.00000000e+00 0.00000000e+00 0.00000000e+00 1.44000000e-03 1.20000000e-04 0.00000000e+00 1.25333333e-03 0.00000000e+00 0.00000000e+00 0.00000000e+00 0.00000000e+00 0.00000000e+00 0.00000000e+00 0.00000000e+00 0.00000000e+00 0.00000000e+00 0.00000000e+00 3.73333333e-04 0.00000000e+00 5.46666667e-04 0.00000000e+00 0.00000000e+00 0.00000000e+00 0.00000000e+00 1.06666667e-04 0.00000000e+00 0.00000000e+00 0.00000000e+00 0.00000000e+00 0.00000000e+00 0.00000000e+00 0.00000000e+00 1.02666667e-03 6.93333333e-04 0.00000000e+00 0.00000000e+00 0.00000000e+00 2.40000000e-04 0.00000000e+00 0.00000000e+00 0.00000000e+00
 1.70666667e-03 1.01333333e-03 6.84933333e-02 3.06666667e-04 1.46666667e-04 2.02666667e-03 7.38666667e-03 8.86666667e-03 8.53333333e-04 5.05333333e-03 7.46133333e-02 1.26666667e-03 1.35466667e-02 1.29333333e-02 2.40000000e-04 0.00000000e+00 5.38400000e-02 5.00666667e-02 6.59733333e-02 3.46666667e-04 2.44000000e-03 1.24000000e-03 1.30800000e-02 2.28000000e-03 2.41333333e-03 0.00000000e+00 2.08346667e-01 1.85333333e-03 6.18666667e-03 5.92000000e-03 8.77333333e-03 2.77333333e-03 0.00000000e+00 1.99333333e-02 0.00000000e+00 7.60000000e-04 6.40000000e-04 0.00000000e+00 0.00000000e+00 0.00000000e+00 9.33333333e-05 0.00000000e+00 0.00000000e+00 0.00000000e+00 1.98666667e-03 0.00000000e+00 5.20000000e-03 0.00000000e+00 0.00000000e+00 0.00000000e+00 5.86666667e-04 3.77333333e-03 3.10666667e-03 0.00000000e+00 0.00000000e+00 0.00000000e+00 0.00000000e+00 2.00000000e-04 5.86666667e-04 2.56933333e-02 3.52000000e-02 0.00000000e+00 0.00000000e+00 0.00000000e+00 2.29333333e-03 0.00000000e+00 0.00000000e+00 1.06666667e-04
 7.60000000e-04 1.18933333e-02 1.31026667e-01 5.46666667e-04 1.52000000e-03 1.20000000e-03 6.61333333e-03 6.86666667e-03 7.90666667e-03 3.56000000e-03 1.60933333e-02 1.68000000e-03 5.45600000e-02 7.66666667e-03 1.78666667e-03 2.58666667e-02 4.44666667e-02 1.81866667e-02 2.63066667e-02 5.86666667e-04 1.25466667e-02 1.67066667e-02 1.40760000e-01 5.69733333e-02 1.96400000e-02 2.08346667e-01 0.00000000e+00 4.23733333e-02 4.16000000e-03 6.80000000e-04 1.64133333e-02 1.92000000e-03 0.00000000e+00 3.44400000e-02 0.00000000e+00 8.20000000e-03 2.26533333e-02 0.00000000e+00 0.00000000e+00 0.00000000e+00 3.06666667e-04 9.33333333e-05 0.00000000e+00 8.00000000e-05 2.22666667e-03 0.00000000e+00 4.18666667e-03 1.06666667e-04 0.00000000e+00 8.64000000e-03 3.28000000e-03 3.93333333e-03 3.93333333e-03 0.00000000e+00 1.73333333e-04 1.53333333e-03 1.32533333e-02 9.33333333e-04 1.06666667e-03 3.64666667e-02 1.57853333e-01 7.46666667e-04 0.00000000e+00 1.46666667e-04 2.17333333e-03 0.00000000e+00 0.00000000e+00 4.80000000e-04
 1.80000000e-03 0.00000000e+00 6.49333333e-03 9.26800000e-02 1.80000000e-03 1.08266667e-02 1.94653333e-01 4.13333333e-03 1.58666667e-02 1.41840000e-01 4.13333333e-04 1.96266667e-02 2.66666667e-04 4.36000000e-03 3.97333333e-03 4.16000000e-03 4.53333333e-04 9.33333333e-05 2.26666667e-04 2.57066667e-02 3.38800000e-02 8.26666667e-04 4.06533333e-02 7.30400000e-02 0.00000000e+00 1.85333333e-03 4.23733333e-02 0.00000000e+00 3.29200000e-02 8.90400000e-02 0.00000000e+00 7.20000000e-04 2.54666667e-03 1.17466667e-02 9.73333333e-04 0.00000000e+00 0.00000000e+00 3.00000000e-03 0.00000000e+00 9.33333333e-05 7.45333333e-03 8.00000000e-05 7.73333333e-04 6.92000000e-03 0.00000000e+00 2.30666667e-03 0.00000000e+00 0.00000000e+00 0.00000000e+00 2.01333333e-03 0.00000000e+00 0.00000000e+00 0.00000000e+00 1.00000000e-03 2.25333333e-03 1.86666667e-04 2.53333333e-04 1.85200000e-02 0.00000000e+00 0.00000000e+00 4.53333333e-04 2.05333333e-02 2.65333333e-03 4.54666667e-03 0.00000000e+00 0.00000000e+00 0.00000000e+00 1.06666667e-04
 8.83066667e-02 0.00000000e+00 8.80000000e-04 1.21333333e-03 0.00000000e+00 1.78666667e-03 2.57066667e-02 1.13066667e-02 8.66666667e-04 1.01066667e-02 3.54666667e-03 2.96000000e-03 8.13333333e-04 8.89733333e-02 1.86666667e-04 0.00000000e+00 5.69333333e-03 3.80000000e-03 6.06666667e-03 1.48000000e-03 1.81333333e-03 0.00000000e+00 4.69333333e-03 8.85333333e-03 0.00000000e+00 6.18666667e-03 4.16000000e-03 3.29200000e-02 0.00000000e+00 5.43733333e-02 9.33333333e-05 7.41333333e-03 2.41200000e-02 4.48933333e-02 0.00000000e+00 0.00000000e+00 0.00000000e+00 0.00000000e+00 0.00000000e+00 0.00000000e+00 3.73333333e-04 0.00000000e+00 0.00000000e+00 1.73333333e-04 0.00000000e+00 0.00000000e+00 0.00000000e+00 0.00000000e+00 0.00000000e+00 1.86666667e-04 0.00000000e+00 0.00000000e+00 0.00000000e+00 0.00000000e+00 2.80000000e-04 0.00000000e+00 0.00000000e+00 2.53333333e-03 0.00000000e+00 0.00000000e+00 0.00000000e+00 2.54666667e-03 0.00000000e+00 2.13333333e-04 0.00000000e+00 0.00000000e+00 0.00000000e+00 0.00000000e+00
 6.77866667e-02 0.00000000e+00 5.02666667e-03 0.00000000e+00 0.00000000e+00 2.26666667e-04 8.95200000e-02 1.32000000e-02 1.60000000e-04 4.26666667e-04 1.02666667e-03 6.66666667e-05 9.33333333e-05 4.14933333e-02 0.00000000e+00 1.60000000e-04 2.10266667e-02 1.82666667e-03 8.48000000e-03 0.00000000e+00 5.53733333e-02 0.00000000e+00 4.56666667e-02 5.77333333e-03 0.00000000e+00 5.92000000e-03 6.80000000e-04 8.90400000e-02 5.43733333e-02 0.00000000e+00 0.00000000e+00 6.66666667e-05 1.16000000e-03 1.98400000e-02 0.00000000e+00 0.00000000e+00 0.00000000e+00 0.00000000e+00 0.00000000e+00 0.00000000e+00 3.20000000e-04 0.00000000e+00 9.33333333e-05 0.00000000e+00 0.00000000e+00 0.00000000e+00 0.00000000e+00 0.00000000e+00 0.00000000e+00 1.64000000e-03 0.00000000e+00 0.00000000e+00 0.00000000e+00 0.00000000e+00 2.57333333e-03 6.66666667e-05 1.73333333e-04 2.88000000e-03 0.00000000e+00 0.00000000e+00 0.00000000e+00 4.53333333e-03 1.33333333e-04 1.00000000e-03 0.00000000e+00 0.00000000e+00 0.00000000e+00 0.00000000e+00
 0.00000000e+00 1.12000000e-03 0.00000000e+00 0.00000000e+00 0.00000000e+00 8.00000000e-05 0.00000000e+00 4.26666667e-04 2.40000000e-04 9.33333333e-05 8.06666667e-03 0.00000000e+00 3.96533333e-02 2.93333333e-04 0.00000000e+00 0.00000000e+00 0.00000000e+00 6.93333333e-04 0.00000000e+00 0.00000000e+00 0.00000000e+00 6.80000000e-04 0.00000000e+00 5.06666667e-04 1.44000000e-03 8.77333333e-03 1.64133333e-02 0.00000000e+00 9.33333333e-05 0.00000000e+00 0.00000000e+00 2.13333333e-04 0.00000000e+00 3.60000000e-04 0.00000000e+00 0.00000000e+00 0.00000000e+00 0.00000000e+00 0.00000000e+00 0.00000000e+00 0.00000000e+00 0.00000000e+00 0.00000000e+00 0.00000000e+00 6.66666667e-04 0.00000000e+00 1.33333333e-03 0.00000000e+00 0.00000000e+00 0.00000000e+00 0.00000000e+00 1.73333333e-04 0.00000000e+00 0.00000000e+00 0.00000000e+00 0.00000000e+00 0.00000000e+00 0.00000000e+00 6.66666667e-05 1.18666667e-03 6.26666667e-04 0.00000000e+00 0.00000000e+00 0.00000000e+00 3.86666667e-04 0.00000000e+00 0.00000000e+00 0.00000000e+00
 2.80000000e-04 1.33333333e-04 1.20000000e-04 5.60000000e-04 5.20000000e-03 4.56000000e-02 9.20000000e-04 5.38266667e-02 1.73333333e-04 3.25333333e-03 7.01333333e-03 1.90666667e-03 3.97333333e-03 1.65333333e-02 3.69333333e-03 0.00000000e+00 6.66666667e-05 1.65333333e-03 2.13333333e-04 5.73333333e-04 0.00000000e+00 1.06666667e-04 6.66666667e-05 7.06666667e-04 1.20000000e-04 2.77333333e-03 1.92000000e-03 7.20000000e-04 7.41333333e-03 6.66666667e-05 2.13333333e-04 0.00000000e+00 0.00000000e+00 4.48266667e-02 0.00000000e+00 0.00000000e+00 0.00000000e+00 0.00000000e+00 0.00000000e+00 0.00000000e+00 0.00000000e+00 0.00000000e+00 0.00000000e+00 0.00000000e+00 0.00000000e+00 0.00000000e+00 0.00000000e+00 0.00000000e+00 0.00000000e+00 0.00000000e+00 0.00000000e+00 0.00000000e+00 0.00000000e+00 0.00000000e+00 0.00000000e+00 0.00000000e+00 0.00000000e+00 6.66666667e-05 0.00000000e+00 0.00000000e+00 0.00000000e+00 0.00000000e+00 0.00000000e+00 0.00000000e+00 0.00000000e+00 0.00000000e+00 0.00000000e+00 0.00000000e+00
 0.00000000e+00 0.00000000e+00 0.00000000e+00 0.00000000e+00 0.00000000e+00 0.00000000e+00 2.26666667e-04 0.00000000e+00 0.00000000e+00 0.00000000e+00 0.00000000e+00 0.00000000e+00 0.00000000e+00 0.00000000e+00 0.00000000e+00 0.00000000e+00 0.00000000e+00 0.00000000e+00 0.00000000e+00 0.00000000e+00 0.00000000e+00 0.00000000e+00 2.13333333e-04 4.53333333e-04 0.00000000e+00 0.00000000e+00 0.00000000e+00 2.54666667e-03 2.41200000e-02 1.16000000e-03 0.00000000e+00 0.00000000e+00 0.00000000e+00 3.62666667e-03 0.00000000e+00 0.00000000e+00 0.00000000e+00 0.00000000e+00 0.00000000e+00 0.00000000e+00 0.00000000e+00 0.00000000e+00 0.00000000e+00 0.00000000e+00 0.00000000e+00 0.00000000e+00 0.00000000e+00 0.00000000e+00 0.00000000e+00 0.00000000e+00 0.00000000e+00 0.00000000e+00 0.00000000e+00 0.00000000e+00 0.00000000e+00 0.00000000e+00 0.00000000e+00 0.00000000e+00 0.00000000e+00 0.00000000e+00 0.00000000e+00 0.00000000e+00 0.00000000e+00 0.00000000e+00 0.00000000e+00 0.00000000e+00 0.00000000e+00 0.00000000e+00
 2.45333333e-03 9.60000000e-04 3.20000000e-03 7.73333333e-04 1.46666667e-04 2.52000000e-03 7.50666667e-03 1.06266667e-02 2.00000000e-04 5.73333333e-03 3.60533333e-02 1.90666667e-03 1.91333333e-02 1.61866667e-02 1.86666667e-04 3.86666667e-04 9.40000000e-03 1.92800000e-02 5.26666667e-03 3.20000000e-04 4.27333333e-02 4.66666667e-04 3.06533333e-02 1.84000000e-03 1.25333333e-03 1.99333333e-02 3.44400000e-02 1.17466667e-02 4.48933333e-02 1.98400000e-02 3.60000000e-04 4.48266667e-02 3.62666667e-03 0.00000000e+00 0.00000000e+00 0.00000000e+00 0.00000000e+00 0.00000000e+00 0.00000000e+00 0.00000000e+00 6.66666667e-05 0.00000000e+00 0.00000000e+00 0.00000000e+00 0.00000000e+00 0.00000000e+00 0.00000000e+00 0.00000000e+00 0.00000000e+00 0.00000000e+00 0.00000000e+00 0.00000000e+00 0.00000000e+00 0.00000000e+00 0.00000000e+00 0.00000000e+00 0.00000000e+00 2.26666667e-04 0.00000000e+00 1.20000000e-04 2.93333333e-04 2.26666667e-04 0.00000000e+00 0.00000000e+00 0.00000000e+00 0.00000000e+00 0.00000000e+00 0.00000000e+00
 0.00000000e+00 0.00000000e+00 0.00000000e+00 0.00000000e+00 0.00000000e+00 0.00000000e+00 0.00000000e+00 0.00000000e+00 0.00000000e+00 0.00000000e+00 0.00000000e+00 0.00000000e+00 0.00000000e+00 0.00000000e+00 0.00000000e+00 0.00000000e+00 0.00000000e+00 0.00000000e+00 0.00000000e+00 0.00000000e+00 1.86666667e-04 0.00000000e+00 0.00000000e+00 1.12000000e-03 0.00000000e+00 0.00000000e+00 0.00000000e+00 9.73333333e-04 0.00000000e+00 0.00000000e+00 0.00000000e+00 0.00000000e+00 0.00000000e+00 0.00000000e+00 0.00000000e+00 0.00000000e+00 1.06666667e-04 1.60000000e-04 0.00000000e+00 1.73333333e-04 4.79600000e-02 1.48000000e-02 1.86666667e-04 1.77333333e-03 6.00000000e-04 2.80000000e-04 0.00000000e+00 1.27120000e-01 0.00000000e+00 9.33333333e-05 2.40000000e-04 6.93333333e-04 9.06666667e-04 1.20000000e-04 3.73333333e-04 0.00000000e+00 1.06666667e-04 2.72000000e-03 0.00000000e+00 8.80000000e-04 6.26666667e-04 8.01333333e-03 1.53240000e-01 2.74133333e-02 0.00000000e+00 4.53333333e-04 6.93333333e-04 3.82666667e-03
 0.00000000e+00 0.00000000e+00 5.33333333e-04 0.00000000e+00 0.00000000e+00 0.00000000e+00 0.00000000e+00 0.00000000e+00 0.00000000e+00 0.00000000e+00 0.00000000e+00 0.00000000e+00 0.00000000e+00 0.00000000e+00 0.00000000e+00 0.00000000e+00 9.33333333e-05 0.00000000e+00 0.00000000e+00 0.00000000e+00 0.00000000e+00 0.00000000e+00 0.00000000e+00 0.00000000e+00 0.00000000e+00 7.60000000e-04 8.20000000e-03 0.00000000e+00 0.00000000e+00 0.00000000e+00 0.00000000e+00 0.00000000e+00 0.00000000e+00 0.00000000e+00 0.00000000e+00 0.00000000e+00 9.33333333e-05 0.00000000e+00 1.01333333e-03 6.66666667e-05 0.00000000e+00 0.00000000e+00 1.13333333e-03 0.00000000e+00 0.00000000e+00 0.00000000e+00 5.80000000e-03 0.00000000e+00 7.46666667e-04 0.00000000e+00 1.33333333e-04 0.00000000e+00 0.00000000e+00 0.00000000e+00 0.00000000e+00 8.60000000e-03 0.00000000e+00 7.84000000e-03 2.33466667e-02 8.80000000e-04 1.93866667e-02 0.00000000e+00 0.00000000e+00 0.00000000e+00 1.60000000e-04 0.00000000e+00 0.00000000e+00 0.00000000e+00
 0.00000000e+00 0.00000000e+00 8.00000000e-03 0.00000000e+00 0.00000000e+00 0.00000000e+00 0.00000000e+00 0.00000000e+00 0.00000000e+00 0.00000000e+00 0.00000000e+00 0.00000000e+00 0.00000000e+00 0.00000000e+00 0.00000000e+00 0.00000000e+00 5.33333333e-04 0.00000000e+00 0.00000000e+00 0.00000000e+00 0.00000000e+00 0.00000000e+00 1.54666667e-03 1.06666667e-04 0.00000000e+00 6.40000000e-04 2.26533333e-02 0.00000000e+00 0.00000000e+00 0.00000000e+00 0.00000000e+00 0.00000000e+00 0.00000000e+00 0.00000000e+00 1.06666667e-04 9.33333333e-05 0.00000000e+00 1.46666667e-04 0.00000000e+00 6.66666667e-05 2.24933333e-02 2.60000000e-03 0.00000000e+00 3.54666667e-03 1.20000000e-04 0.00000000e+00 0.00000000e+00 2.30666667e-03 0.00000000e+00 1.73333333e-04 3.48533333e-02 8.80000000e-04 1.24400000e-02 0.00000000e+00 3.05333333e-03 0.00000000e+00 1.17386667e-01 2.80000000e-04 0.00000000e+00 3.87333333e-02 1.20800000e-01 8.16000000e-03 2.66666667e-04 4.13333333e-03 0.00000000e+00 0.00000000e+00 0.00000000e+00 1.57333333e-03
 0.00000000e+00 0.00000000e+00 0.00000000e+00 7.06666667e-04 0.00000000e+00 9.33333333e-05 9.20000000e-04 0.00000000e+00 2.00000000e-04 6.00000000e-04 0.00000000e+00 9.33333333e-05 0.00000000e+00 0.00000000e+00 0.00000000e+00 0.00000000e+00 0.00000000e+00 0.00000000e+00 0.00000000e+00 2.13333333e-04 0.00000000e+00 0.00000000e+00 0.00000000e+00 1.46666667e-03 0.00000000e+00 0.00000000e+00 0.00000000e+00 3.00000000e-03 0.00000000e+00 0.00000000e+00 0.00000000e+00 0.00000000e+00 0.00000000e+00 0.00000000e+00 1.60000000e-04 0.00000000e+00 1.46666667e-04 0.00000000e+00 6.53333333e-04 2.53333333e-03 1.57333333e-03 7.86666667e-04 6.29333333e-03 1.09253333e-01 8.00000000e-05 2.63600000e-02 0.00000000e+00 8.80000000e-04 5.73333333e-04 0.00000000e+00 0.00000000e+00 0.00000000e+00 0.00000000e+00 1.90093333e-01 0.00000000e+00 0.00000000e+00 8.00000000e-05 2.65200000e-02 0.00000000e+00 0.00000000e+00 3.60000000e-04 6.02666667e-02 3.05333333e-03 0.00000000e+00 0.00000000e+00 1.33333333e-04 0.00000000e+00 4.13333333e-04
 0.00000000e+00 0.00000000e+00 0.00000000e+00 0.00000000e+00 0.00000000e+00 0.00000000e+00 0.00000000e+00 0.00000000e+00 0.00000000e+00 0.00000000e+00 0.00000000e+00 0.00000000e+00 0.00000000e+00 0.00000000e+00 0.00000000e+00 0.00000000e+00 0.00000000e+00 0.00000000e+00 0.00000000e+00 0.00000000e+00 0.00000000e+00 0.00000000e+00 0.00000000e+00 0.00000000e+00 0.00000000e+00 0.00000000e+00 0.00000000e+00 0.00000000e+00 0.00000000e+00 0.00000000e+00 0.00000000e+00 0.00000000e+00 0.00000000e+00 0.00000000e+00 0.00000000e+00 1.01333333e-03 0.00000000e+00 6.53333333e-04 0.00000000e+00 1.68000000e-03 1.86666667e-04 1.06666667e-04 1.49333333e-03 1.33333333e-04 4.53333333e-04 1.12000000e-03 1.73333333e-04 0.00000000e+00 1.79600000e-02 0.00000000e+00 0.00000000e+00 0.00000000e+00 0.00000000e+00 3.73333333e-04 0.00000000e+00 1.65333333e-03 0.00000000e+00 2.52000000e-03 1.60000000e-04 1.33333333e-04 1.81333333e-03 1.62666667e-03 9.33333333e-05 0.00000000e+00 0.00000000e+00 2.92000000e-03 0.00000000e+00 1.73600000e-02
