 0.00000000e+00 0.00000000e+00 1.36000000e-03 0.00000000e+00 0.00000000e+00 2.66666667e-04 2.41733333e-02 1.16133333e-02 4.00000000e-04 6.13333333e-04 9.20000000e-04 6.66666667e-05 6.66666667e-05 7.74533333e-02 0.00000000e+00 0.00000000e+00 2.90666667e-03 1.40000000e-03 3.66666667e-03 0.00000000e+00 3.73333333e-04 0.00000000e+00 2.38666667e-03 1.20000000e-03 0.00000000e+00 2.66666667e-03 1.40000000e-03 4.26666667e-03 6.20533333e-02 4.97466667e-02 6.66666667e-05 3.20000000e-04 8.00000000e-05 3.94666667e-03 0.00000000e+00 0.00000000e+00 0.00000000e+00 0.00000000e+00 0.00000000e+00 0.00000000e+00 1.86666667e-04 0.00000000e+00 0.00000000e+00 0.00000000e+00 0.00000000e+00 0.00000000e+00 0.00000000e+00 0.00000000e+00 0.00000000e+00 0.00000000e+00 0.00000000e+00 0.00000000e+00 0.00000000e+00 0.00000000e+00 0.00000000e+00 0.00000000e+00 0.00000000e+00 2.53333333e-04 0.00000000e+00 0.00000000e+00 0.00000000e+00 9.60000000e-04 6.66666667e-05 8.00000000e-05 0.00000000e+00 0.00000000e+00 0.00000000e+00 0.00000000e+00
 0.00000000e+00 0.00000000e+00 2.34666667e-03 6.66666667e-05 1.73333333e-04 0.00000000e+00 0.00000000e+00 0.00000000e+00 2.24000000e-03 0.00000000e+00 6.00000000e-04 2.26666667e-04 1.49066667e-02 6.66666667e-05 2.53333333e-04 0.00000000e+00 3.04000000e-03 0.00000000e+00 1.73333333e-04 0.00000000e+00 0.00000000e+00 9.29333333e-03 1.86666667e-04 1.28800000e-02 9.12000000e-03 1.98666667e-03 4.97066667e-02 4.00000000e-04 0.00000000e+00 0.00000000e+00 2.45333333e-03 0.00000000e+00 0.00000000e+00 6.93333333e-04 0.00000000e+00 0.00000000e+00 3.06666667e-04 0.00000000e+00 0.00000000e+00 0.00000000e+00 0.00000000e+00 0.00000000e+00 0.00000000e+00 0.00000000e+00 0.00000000e+00 0.00000000e+00 0.00000000e+00 0.00000000e+00 0.00000000e+00 0.00000000e+00 6.66666667e-05 0.00000000e+00 0.00000000e+00 0.00000000e+00 0.00000000e+00 0.00000000e+00 8.00000000e-05 0.00000000e+00 0.00000000e+00 1.52000000e-03 3.50666667e-03 0.00000000e+00 0.00000000e+00 0.00000000e+00 8.00000000e-05 0.00000000e+00 0.00000000e+00 0.00000000e+00
 1.36000000e-03 2.34666667e-03 0.00000000e+00 0.00000000e+00 0.00000000e+00 2.66666667e-03 3.04800000e-02 8.06666667e-03 0.00000000e+00 1.02800000e-02 3.86666667e-04 9.33333333e-05 0.00000000e+00 1.33866667e-02 9.33333333e-05 0.00000000e+00 1.09786667e-01 3.60000000e-04 6.22666667e-03 1.06666667e-04 2.44000000e-02 2.93333333e-04 1.38973333e-01 1.20000000e-04 0.00000000e+00 6.88000000e-02 1.51173333e-01 1.08266667e-02 2.08000000e-03 8.00000000e-03 0.00000000e+00 4.40000000e-04 0.00000000e+00 4.48000000e-03 0.00000000e+00 8.93333333e-04 1.77866667e-02 0.00000000e+00 0.00000000e+00 0.00000000e+00 3.86666667e-04 2.13333333e-04 0.00000000e+00 1.20000000e-04 0.00000000e+00 0.00000000e+00 0.00000000e+00 3.86666667e-04 0.00000000e+00 1.60000000e-04 3.06666667e-03 0.00000000e+00 2.93333333e-04 0.00000000e+00 1.60000000e-04 0.00000000e+00 5.54666667e-03 5.20000000e-04 0.00000000e+00 4.92000000e-03 3.30133333e-02 4.00000000e-04 0.00000000e+00 1.60000000e-04 0.00000000e+00 0.00000000e+00 0.00000000e+00 7.33333333e-04
 0.00000000e+00 6.66666667e-05 0.00000000e+00 0.00000000e+00 4.66666667e-04 2.13333333e-03 1.32000000e-03 1.12000000e-03 2.94666667e-03 6.15866667e-02 1.60000000e-04 2.08933333e-02 1.06666667e-04 8.80000000e-04 9.86666667e-04 0.00000000e+00 0.00000000e+00 0.00000000e+00 0.00000000e+00 1.05773333e-01 0.00000000e+00 0.00000000e+00 0.00000000e+00 2.18400000e-02 0.00000000e+00 9.33333333e-05 2.66666667e-04 8.56133333e-02 1.22666667e-03 0.00000000e+00 0.00000000e+00 2.00000000e-04 0.00000000e+00 4.53333333e-04 0.00000000e+00 0.00000000e+00 0.00000000e+00 1.61333333e-03 0.00000000e+00 8.53333333e-04 1.10666667e-03 6.66666667e-04 5.60000000e-04 5.28000000e-03 0.00000000e+00 2.43333333e-02 0.00000000e+00 5.86666667e-04 1.33333333e-04 0.00000000e+00 0.00000000e+00 0.00000000e+00 0.00000000e+00 8.66666667e-03 0.00000000e+00 0.00000000e+00 0.00000000e+00 1.41333333e-03 0.00000000e+00 6.66666667e-05 0.00000000e+00 5.44000000e-03 5.33333333e-04 0.00000000e+00 0.00000000e+00 1.06666667e-04 0.00000000e+00 3.60000000e-04
 0.00000000e+00 1.73333333e-04 0.00000000e+00 4.66666667e-04 0.00000000e+00 1.95600000e-02 5.33333333e-04 2.13333333e-03 5.60000000e-04 1.21333333e-03 2.93333333e-04 1.32000000e-03 3.73333333e-04 2.13333333e-04 1.94133333e-02 0.00000000e+00 0.00000000e+00 0.00000000e+00 0.00000000e+00 6.26666667e-04 0.00000000e+00 6.40000000e-04 0.00000000e+00 3.08000000e-03 1.06666667e-04 2.26666667e-04 1.13333333e-03 2.08000000e-03 0.00000000e+00 0.00000000e+00 0.00000000e+00 1.13333333e-03 0.00000000e+00 6.89333333e-03 0.00000000e+00 0.00000000e+00 0.00000000e+00 0.00000000e+00 0.00000000e+00 0.00000000e+00 0.00000000e+00 0.00000000e+00 0.00000000e+00 0.00000000e+00 0.00000000e+00 0.00000000e+00 0.00000000e+00 0.00000000e+00 0.00000000e+00 0.00000000e+00 0.00000000e+00 0.00000000e+00 0.00000000e+00 0.00000000e+00 0.00000000e+00 0.00000000e+00 0.00000000e+00 0.00000000e+00 0.00000000e+00 0.00000000e+00 0.00000000e+00 1.06666667e-04 0.00000000e+00 0.00000000e+00 0.00000000e+00 0.00000000e+00 0.00000000e+00 0.00000000e+00
 2.66666667e-04 0.00000000e+00 2.66666667e-03 2.13333333e-03 1.95600000e-02 0.00000000e+00 2.34666667e-02 1.03280000e-01 2.53333333e-04 1.69680000e-01 3.81333333e-03 1.79066667e-02 2.01333333e-03 3.65333333e-03 3.78666667e-03 0.00000000e+00 5.86666667e-04 8.00000000e-04 5.33333333e-04 9.41333333e-03 2.26666667e-04 0.00000000e+00 2.45333333e-03 4.93333333e-04 0.00000000e+00 2.72000000e-03 1.54666667e-03 1.83066667e-02 1.34666667e-03 4.26666667e-04 2.53333333e-04 4.46400000e-02 0.00000000e+00 1.68000000e-03 0.00000000e+00 0.00000000e+00 0.00000000e+00 6.66666667e-05 0.00000000e+00 0.00000000e+00 2.40000000e-04 0.00000000e+00 0.00000000e+00 2.80000000e-04 0.00000000e+00 1.60000000e-04 0.00000000e+00 0.00000000e+00 0.00000000e+00 0.00000000e+00 0.00000000e+00 0.00000000e+00 0.00000000e+00 0.00000000e+00 0.00000000e+00 0.00000000e+00 0.00000000e+00 3.33333333e-04 0.00000000e+00 0.00000000e+00 6.66666667e-05 8.53333333e-04 0.00000000e+00 0.00000000e+00 0.00000000e+00 0.00000000e+00 0.00000000e+00 0.00000000e+00
 2.41733333e-02 0.00000000e+00 3.04800000e-02 1.32000000e-03 5.33333333e-04 2.34666667e-02 0.00000000e+00 5.86933333e-02 4.69333333e-03 2.10213333e-01 1.00000000e-03 2.26666667e-03 4.26666667e-04 1.50240000e-01 2.52000000e-03 0.00000000e+00 5.50666667e-03 5.33333333e-04 1.76000000e-03 6.00000000e-04 7.38666667e-03 3.06666667e-04 5.65333333e-02 7.21333333e-03 0.00000000e+00 1.12266667e-02 1.15733333e-02 3.10093333e-01 4.25333333e-02 5.40000000e-02 8.00000000e-05 2.28000000e-03 2.02666667e-03 1.25066667e-02 2.66666667e-04 0.00000000e+00 2.66666667e-04 1.81333333e-03 0.00000000e+00 1.73333333e-04 4.92000000e-03 0.00000000e+00 3.06666667e-04 4.78666667e-03 0.00000000e+00 7.20000000e-04 0.00000000e+00 1.46666667e-04 0.00000000e+00 1.73333333e-04 0.00000000e+00 0.00000000e+00 0.00000000e+00 6.13333333e-04 2.13333333e-04 0.00000000e+00 2.40000000e-04 1.00800000e-02 0.00000000e+00 1.73333333e-04 9.86666667e-04 2.28533333e-02 1.01333333e-03 9.20000000e-04 0.00000000e+00 0.00000000e+00 0.00000000e+00 7.46666667e-04
 1.16133333e-02 0.00000000e+00 8.06666667e-03 1.12000000e-03 2.13333333e-03 1.03280000e-01 5.86933333e-02 0.00000000e+00 2.40000000e-04 6.70666667e-02 7.90666667e-03 1.02533333e-02 2.33333333e-03 1.95840000e-01 3.06666667e-04 0.00000000e+00 4.61333333e-03 2.69333333e-03 4.37333333e-03 7.62666667e-03 6.66666667e-04 0.00000000e+00 8.73333333e-03 6.93333333e-04 0.00000000e+00 9.42666667e-03 4.02666667e-03 6.28000000e-03 9.61333333e-03 1.22800000e-02 7.06666667e-04 7.00133333e-02 0.00000000e+00 2.24000000e-03 0.00000000e+00 0.00000000e+00 0.00000000e+00 8.00000000e-05 0.00000000e+00 0.00000000e+00 2.53333333e-04 0.00000000e+00 0.00000000e+00 2.26666667e-04 0.00000000e+00 1.46666667e-04 0.00000000e+00 0.00000000e+00 0.00000000e+00 0.00000000e+00 0.00000000e+00 0.00000000e+00 0.00000000e+00 0.00000000e+00 0.00000000e+00 0.00000000e+00 0.00000000e+00 3.06666667e-04 0.00000000e+00 0.00000000e+00 1.06666667e-04 7.06666667e-04 0.00000000e+00 8.00000000e-05 0.00000000e+00 0.00000000e+00 0.00000000e+00 0.00000000e+00
 4.00000000e-04 2.24000000e-03 0.00000000e+00 2.94666667e-03 5.60000000e-04 2.53333333e-04 4.69333333e-03 2.40000000e-04 0.00000000e+00 2.46666667e-03 1.60000000e-04 2.34666667e-03 2.66666667e-03 2.93333333e-04 6.13333333e-04 1.33333333e-04 0.00000000e+00 0.00000000e+00 0.00000000e+00 1.41333333e-03 2.40000000e-04 1.60800000e-02 0.00000000e+00 1.05506667e-01 6.40000000e-04 7.73333333e-04 1.19200000e-02 2.03733333e-02 1.34666667e-03 3.72000000e-03 7.06666667e-04 0.00000000e+00 8.00000000e-05 2.13333333e-04 6.66666667e-05 0.00000000e+00 0.00000000e+00 9.33333333e-05 0.00000000e+00 0.00000000e+00 1.46666667e-04 0.00000000e+00 0.00000000e+00 1.33333333e-04 0.00000000e+00 4.26666667e-04 0.00000000e+00 0.00000000e+00 0.00000000e+00 6.66666667e-05 0.00000000e+00 0.00000000e+00 0.00000000e+00 0.00000000e+00 0.00000000e+00 0.00000000e+00 0.00000000e+00 7.60000000e-04 0.00000000e+00 1.20000000e-04 1.20000000e-04 7.73333333e-04 1.06666667e-04 2.00000000e-04 0.00000000e+00 0.00000000e+00 0.00000000e+00 0.00000000e+00
 6.13333333e-04 0.00000000e+00 1.02800000e-02 6.15866667e-02 1.21333333e-03 1.69680000e-01 2.10213333e-01 6.70666667e-02 2.46666667e-03 0.00000000e+00 2.14666667e-03 1.14280000e-01 1.21333333e-03 4.24133333e-02 1.31333333e-02 0.00000000e+00 1.68000000e-03 6.80000000e-04 8.80000000e-04 7.88133333e-02 6.66666667e-04 9.33333333e-05 1.07333333e-02 4.10666667e-03 0.00000000e+00 6.20000000e-03 5.50666667e-03 1.09453333e-01 1.62800000e-02 4.80000000e-04 2.40000000e-04 4.77333333e-03 1.06666667e-04 1.04533333e-02 0.00000000e+00 0.00000000e+00 0.00000000e+00 2.33333333e-03 0.00000000e+00 6.66666667e-05 2.33333333e-03 0.00000000e+00 1.73333333e-04 3.98666667e-03 0.00000000e+00 4.33333333e-03 0.00000000e+00 0.00000000e+00 0.00000000e+00 6.66666667e-05 0.00000000e+00 0.00000000e+00 0.00000000e+00 6.66666667e-04 0.00000000e+00 0.00000000e+00 0.00000000e+00 4.06666667e-03 0.00000000e+00 1.06666667e-04 2.93333333e-04 1.29200000e-02 3.60000000e-04 1.73333333e-04 0.00000000e+00 0.00000000e+00 0.00000000e+00 2.00000000e-04
 9.20000000e-04 6.00000000e-04 3.86666667e-04 1.60000000e-04 2.93333333e-04 3.81333333e-03 1.00000000e-03 7.90666667e-03 1.60000000e-04 2.14666667e-03 0.00000000e+00 1.22666667e-03 3.71466667e-02 4.93333333e-03 9.33333333e-05 2.00000000e-04 3.60000000e-04 7.42800000e-02 9.22666667e-03 7.20000000e-04 7.06666667e-04 3.20000000e-04 1.34666667e-03 4.40000000e-04 8.00000000e-04 4.14400000e-02 1.37333333e-02 5.60000000e-04 1.03866667e-02 1.97333333e-03 1.63200000e-02 2.37333333e-02 2.13333333e-04 3.48400000e-02 0.00000000e+00 1.20000000e-04 0.00000000e+00 0.00000000e+00 0.00000000e+00 0.00000000e+00 0.00000000e+00 0.00000000e+00 1.20000000e-04 0.00000000e+00 1.57333333e-03 0.00000000e+00 4.18666667e-03 0.00000000e+00 0.00000000e+00 2.40000000e-04 0.00000000e+00 1.06666667e-04 0.00000000e+00 0.00000000e+00 1.46666667e-04 0.00000000e+00 1.73333333e-04 1.60000000e-04 1.86666667e-04 1.30666667e-03 8.66666667e-04 1.06666667e-04 1.06666667e-04 0.00000000e+00 8.53333333e-04 8.00000000e-05 0.00000000e+00 2.40000000e-04
 6.66666667e-05 2.26666667e-04 9.33333333e-05 2.08933333e-02 1.32000000e-03 1.79066667e-02 2.26666667e-03 1.02533333e-02 2.34666667e-03 1.14280000e-01 1.22666667e-03 0.00000000e+00 8.53333333e-04 4.09333333e-03 7.00000000e-03 0.00000000e+00 9.33333333e-05 2.93333333e-04 2.53333333e-04 7.62533333e-02 0.00000000e+00 6.80000000e-04 9.33333333e-05 1.23733333e-02 0.00000000e+00 8.66666667e-04 2.38666667e-03 4.04666667e-02 2.53333333e-03 0.00000000e+00 2.40000000e-04 1.88000000e-03 0.00000000e+00 1.14666667e-03 0.00000000e+00 0.00000000e+00 0.00000000e+00 7.06666667e-04 0.00000000e+00 0.00000000e+00 2.13333333e-04 0.00000000e+00 6.66666667e-05 4.80000000e-04 0.00000000e+00 1.10666667e-03 0.00000000e+00 0.00000000e+00 0.00000000e+00 0.00000000e+00 0.00000000e+00 0.00000000e+00 0.00000000e+00 1.20000000e-04 0.00000000e+00 0.00000000e+00 0.00000000e+00 4.26666667e-04 0.00000000e+00 0.00000000e+00 0.00000000e+00 1.36000000e-03 0.00000000e+00 0.00000000e+00 0.00000000e+00 0.00000000e+00 0.00000000e+00 0.00000000e+00
 6.66666667e-05 1.49066667e-02 0.00000000e+00 1.06666667e-04 3.73333333e-04 2.01333333e-03 4.26666667e-04 2.33333333e-03 2.66666667e-03 1.21333333e-03 3.71466667e-02 8.53333333e-04 0.00000000e+00 1.21333333e-03 4.00000000e-04 0.00000000e+00 8.00000000e-05 3.60000000e-04 1.46666667e-04 4.40000000e-04 0.00000000e+00 6.57333333e-03 0.00000000e+00 6.01333333e-03 4.11600000e-02 6.82666667e-03 3.09200000e-02 3.06666667e-04 9.60000000e-04 1.46666667e-04 3.57733333e-02 9.52000000e-03 0.00000000e+00 1.03200000e-02 0.00000000e+00 1.33333333e-04 0.00000000e+00 0.00000000e+00 6.66666667e-05 0.00000000e+00 0.00000000e+00 0.00000000e+00 1.46666667e-04 0.00000000e+00 1.02400000e-02 0.00000000e+00 1.93733333e-02 8.00000000e-05 8.00000000e-05 0.00000000e+00 0.00000000e+00 2.26666667e-04 0.00000000e+00 0.00000000e+00 0.00000000e+00 1.06666667e-04 0.00000000e+00 3.06666667e-04 9.86666667e-04 4.69333333e-03 2.49333333e-03 0.00000000e+00 2.26666667e-04 0.00000000e+00 3.22666667e-03 6.53333333e-04 0.00000000e+00 6.40000000e-04
 7.74533333e-02 6.66666667e-05 1.33866667e-02 8.80000000e-04 2.13333333e-04 3.65333333e-03 1.50240000e-01 1.95840000e-01 2.93333333e-04 4.24133333e-02 4.93333333e-03 4.09333333e-03 1.21333333e-03 0.00000000e+00 1.46666667e-04 0.00000000e+00 1.09733333e-02 4.01333333e-03 1.01066667e-02 3.93333333e-03 1.16000000e-03 0.00000000e+00 1.56666667e-02 1.02666667e-03 0.00000000e+00 1.48266667e-02 6.26666667e-03 7.93333333e-03 9.61733333e-02 5.48666667e-02 4.66666667e-04 5.18133333e-02 0.00000000e+00 6.70666667e-03 0.00000000e+00 0.00000000e+00 6.66666667e-05 8.00000000e-05 0.00000000e+00 0.00000000e+00 2.53333333e-04 0.00000000e+00 0.00000000e+00 1.86666667e-04 0.00000000e+00 1.46666667e-04 0.00000000e+00 0.00000000e+00 0.00000000e+00 0.00000000e+00 0.00000000e+00 0.00000000e+00 0.00000000e+00 0.00000000e+00 0.00000000e+00 0.00000000e+00 0.00000000e+00 4.93333333e-04 0.00000000e+00 0.00000000e+00 2.53333333e-04 1.13333333e-03 6.66666667e-05 0.00000000e+00 0.00000000e+00 0.00000000e+00 0.00000000e+00 0.00000000e+00
 0.00000000e+00 2.53333333e-04 9.33333333e-05 9.86666667e-04 1.94133333e-02 3.78666667e-03 2.52000000e-03 3.06666667e-04 6.13333333e-04 1.31333333e-02 9.33333333e-05 7.00000000e-03 4.00000000e-04 1.46666667e-04 0.00000000e+00 0.00000000e+00 0.00000000e+00 0.00000000e+00 0.00000000e+00 1.80000000e-03 0.00000000e+00 9.73333333e-04 1.73333333e-04 9.92000000e-03 8.00000000e-05 2.26666667e-04 2.22666667e-03 7.73333333e-03 9.33333333e-05 0.00000000e+00 8.00000000e-05 3.33333333e-04 0.00000000e+00 1.06666667e-04 0.00000000e+00 0.00000000e+00 0.00000000e+00 8.00000000e-05 0.00000000e+00 0.00000000e+00 1.06666667e-04 0.00000000e+00 0.00000000e+00 8.00000000e-05 0.00000000e+00 1.20000000e-04 0.00000000e+00 0.00000000e+00 0.00000000e+00 0.00000000e+00 0.00000000e+00 0.00000000e+00 0.00000000e+00 0.00000000e+00 0.00000000e+00 0.00000000e+00 0.00000000e+00 0.00000000e+00 0.00000000e+00 0.00000000e+00 0.00000000e+00 3.20000000e-04 0.00000000e+00 0.00000000e+00 0.00000000e+00 0.00000000e+00 0.00000000e+00 0.00000000e+00
 0.00000000e+00 0.00000000e+00 0.00000000e+00 0.00000000e+00 0.00000000e+00 0.00000000e+00 0.00000000e+00 0.00000000e+00 1.33333333e-04 0.00000000e+00 2.00000000e-04 0.00000000e+00 0.00000000e+00 0.00000000e+00 0.00000000e+00 0.00000000e+00 1.20000000e-04 0.00000000e+00 8.00000000e-05 0.00000000e+00 2.24666667e-02 4.30800000e-02 5.75600000e-02 6.85333333e-03 0.00000000e+00 2.53333333e-04 3.66133333e-02 6.48000000e-03 2.00000000e-04 3.16000000e-03 0.00000000e+00 0.00000000e+00 0.00000000e+00 2.70666667e-03 6.66666667e-05 0.00000000e+00 2.00000000e-04 0.00000000e+00 0.00000000e+00 0.00000000e+00 1.46666667e-04 0.00000000e+00 0.00000000e+00 0.00000000e+00 0.00000000e+00 0.00000000e+00 0.00000000e+00 0.00000000e+00 0.00000000e+00 3.40933333e-02 1.46666667e-04 0.00000000e+00 0.00000000e+00 0.00000000e+00 9.01333333e-03 4.06666667e-03 2.59066667e-02 1.46666667e-03 0.00000000e+00 1.20000000e-04 1.49200000e-02 1.41333333e-03 3.60000000e-04 2.24000000e-03 0.00000000e+00 0.00000000e+00 0.00000000e+00 1.33333333e-04
 2.90666667e-03 3.04000000e-03 1.09786667e-01 0.00000000e+00 0.00000000e+00 5.86666667e-04 5.50666667e-03 4.61333333e-03 0.00000000e+00 1.68000000e-03 3.60000000e-04 9.33333333e-05 8.00000000e-05 1.09733333e-02 0.00000000e+00 1.20000000e-04 0.00000000e+00 3.04000000e-03 2.68400000e-02 0.00000000e+00 1.01066667e-02 9.33333333e-05 2.65866667e-02 5.06666667e-04 0.00000000e+00 6.26666667e-02 5.58133333e-02 3.09333333e-03 8.77333333e-03 2.46933333e-02 0.00000000e+00 2.40000000e-04 1.60000000e-04 1.52533333e-02 0.00000000e+00 4.93333333e-04 2.49333333e-03 0.00000000e+00 0.00000000e+00 0.00000000e+00 0.00000000e+00 0.00000000e+00 0.00000000e+00 0.00000000e+00 0.00000000e+00 0.00000000e+00 0.00000000e+00 0.00000000e+00 0.00000000e+00 0.00000000e+00 5.73333333e-04 0.00000000e+00 1.20000000e-04 0.00000000e+00 8.00000000e-05 0.00000000e+00 2.13333333e-04 0.00000000e+00 0.00000000e+00 2.69333333e-03 6.98666667e-03 9.33333333e-05 0.00000000e+00 6.66666667e-05 0.00000000e+00 0.00000000e+00 0.00000000e+00 0.00000000e+00
 1.40000000e-03 0.00000000e+00 3.60000000e-04 0.00000000e+00 0.00000000e+00 8.00000000e-04 5.33333333e-04 2.69333333e-03 0.00000000e+00 6.80000000e-04 7.42800000e-02 2.93333333e-04 3.60000000e-04 4.01333333e-03 0.00000000e+00 0.00000000e+00 3.04000000e-03 0.00000000e+00 2.01733333e-02 3.33333333e-04 6.26666667e-04 0.00000000e+00 6.26666667e-04 0.00000000e+00 0.00000000e+00 3.36266667e-02 3.40000000e-03 3.33333333e-04 8.25333333e-03 2.69333333e-03 7.86666667e-04 4.61333333e-03 1.73333333e-04 1.34266667e-02 0.00000000e+00 0.00000000e+00 0.00000000e+00 0.00000000e+00 0.00000000e+00 0.00000000e+00 0.00000000e+00 0.00000000e+00 0.00000000e+00 0.00000000e+00 8.00000000e-05 0.00000000e+00 3.86666667e-04 0.00000000e+00 0.00000000e+00 8.00000000e-05 0.00000000e+00 8.00000000e-05 0.00000000e+00 0.00000000e+00 0.00000000e+00 0.00000000e+00 0.00000000e+00 0.00000000e+00 0.00000000e+00 1.81333333e-03 7.20000000e-04 6.66666667e-05 0.00000000e+00 0.00000000e+00 1.46666667e-04 0.00000000e+00 0.00000000e+00 0.00000000e+00
 3.66666667e-03 1.73333333e-04 6.22666667e-03 0.00000000e+00 0.00000000e+00 5.33333333e-04 1.76000000e-03 4.37333333e-03 0.00000000e+00 8.80000000e-04 9.22666667e-03 2.53333333e-04 1.46666667e-04 1.01066667e-02 0.00000000e+00 8.00000000e-05 2.68400000e-02 2.01733333e-02 0.00000000e+00 9.33333333e-05 2.98666667e-03 1.33333333e-04 2.89333333e-03 3.33333333e-04 0.00000000e+00 3.71733333e-02 1.88133333e-02 8.80000000e-04 1.41466667e-02 1.20533333e-02 2.40000000e-04 1.54666667e-03 2.13333333e-04 5.86666667e-03 0.00000000e+00 0.00000000e+00 1.73333333e-04 0.00000000e+00 0.00000000e+00 0.00000000e+00 0.00000000e+00 0.00000000e+00 0.00000000e+00 0.00000000e+00 0.00000000e+00 0.00000000e+00 6.66666667e-05 0.00000000e+00 0.00000000e+00 1.06666667e-04 0.00000000e+00 0.00000000e+00 0.00000000e+00 0.00000000e+00 0.00000000e+00 0.00000000e+00 6.66666667e-05 0.00000000e+00 0.00000000e+00 1.92000000e-03 1.16000000e-03 6.66666667e-05 0.00000000e+00 0.00000000e+00 8.00000000e-05 0.00000000e+00 0.00000000e+00 0.00000000e+00
 0.00000000e+00 0.00000000e+00 1.06666667e-04 1.05773333e-01 6.26666667e-04 9.41333333e-03 6.00000000e-04 7.62666667e-03 1.41333333e-03 7.88133333e-02 7.20000000e-04 7.62533333e-02 4.40000000e-04 3.93333333e-03 1.80000000e-03 0.00000000e+00 0.00000000e+00 3.33333333e-04 9.33333333e-05 0.00000000e+00 0.00000000e+00 0.00000000e+00 0.00000000e+00 4.72000000e-03 0.00000000e+00 6.93333333e-04 9.06666667e-04 4.32000000e-02 2.05333333e-03 0.00000000e+00 1.33333333e-04 1.30666667e-03 0.00000000e+00 8.53333333e-04 0.00000000e+00 0.00000000e+00 0.00000000e+00 8.40000000e-04 0.00000000e+00 0.00000000e+00 2.40000000e-04 0.00000000e+00 1.06666667e-04 5.86666667e-04 0.00000000e+00 6.04000000e-03 0.00000000e+00 0.00000000e+00 0.00000000e+00 0.00000000e+00 0.00000000e+00 0.00000000e+00 0.00000000e+00 1.20000000e-04 0.00000000e+00 0.00000000e+00 0.00000000e+00 4.13333333e-04 0.00000000e+00 0.00000000e+00 0.00000000e+00 1.57333333e-03 0.00000000e+00 0.00000000e+00 0.00000000e+00 0.00000000e+00 0.00000000e+00 0.00000000e+00
 3.73333333e-04 0.00000000e+00 2.44000000e-02 0.00000000e+00 0.00000000e+00 2.26666667e-04 7.38666667e-03 6.66666667e-04 2.40000000e-04 6.66666667e-04 7.06666667e-04 0.00000000e+00 0.00000000e+00 1.16000000e-03 0.00000000e+00 2.24666667e-02 1.01066667e-02 6.26666667e-04 2.98666667e-03 0.00000000e+00 0.00000000e+00 6.08000000e-03 2.52240000e-01 1.73333333e-04 0.00000000e+00 5.13333333e-03 1.87066667e-02 6.75066667e-02 4.44000000e-03 8.34933333e-02 0.00000000e+00 0.00000000e+00 3.20000000e-04 4.35333333e-02 4.26666667e-04 0.00000000e+00 9.33333333e-05 0.00000000e+00 0.00000000e+00 0.00000000e+00 7.06666667e-04 0.00000000e+00 0.00000000e+00 0.00000000e+00 0.00000000e+00 0.00000000e+00 0.00000000e+00 0.00000000e+00 0.00000000e+00 1.48400000e-02 2.93333333e-04 0.00000000e+00 0.00000000e+00 0.00000000e+00 1.13733333e-02 7.06666667e-04 5.97333333e-03 5.36000000e-03 0.00000000e+00 1.20000000e-04 1.14666667e-03 4.25333333e-03 1.33333333e-03 8.58666667e-03 0.00000000e+00 0.00000000e+00 6.66666667e-05 1.46666667e-04
 0.00000000e+00 9.29333333e-03 2.93333333e-04 0.00000000e+00 6.40000000e-04 0.00000000e+00 3.06666667e-04 0.00000000e+00 1.60800000e-02 9.33333333e-05 3.20000000e-04 6.80000000e-04 6.57333333e-03 0.00000000e+00 9.73333333e-04 4.30800000e-02 9.33333333e-05 0.00000000e+00 1.33333333e-04 0.00000000e+00 6.08000000e-03 0.00000000e+00 7.24000000e-03 5.41733333e-02 1.42666667e-03 1.22666667e-03 4.29600000e-02 5.74666667e-03 3.20000000e-04 2.80000000e-03 1.28000000e-03 8.00000000e-05 0.00000000e+00 2.80000000e-04 0.00000000e+00 0.00000000e+00 4.93333333e-04 0.00000000e+00 0.00000000e+00 0.00000000e+00 1.60000000e-04 0.00000000e+00 1.86666667e-04 0.00000000e+00 0.00000000e+00 0.00000000e+00 0.00000000e+00 0.00000000e+00 0.00000000e+00 5.17333333e-03 6.66666667e-05 0.00000000e+00 0.00000000e+00 0.00000000e+00 2.38666667e-03 8.13333333e-04 1.76000000e-03 2.09333333e-03 0.00000000e+00 6.00000000e-04 4.37333333e-03 2.16000000e-03 1.20000000e-04 1.40000000e-03 0.00000000e+00 0.00000000e+00 0.00000000e+00 2.26666667e-04
 2.38666667e-03 1.86666667e-04 1.38973333e-01 0.00000000e+00 0.00000000e+00 2.45333333e-03 5.65333333e-02 8.73333333e-03 0.00000000e+00 1.07333333e-02 1.34666667e-03 9.33333333e-05 0.00000000e+00 1.56666667e-02 1.73333333e-04 5.75600000e-02 2.65866667e-02 6.26666667e-04 2.89333333e-03 0.00000000e+00 2.52240000e-01 7.24000000e-03 0.00000000e+00 2.24000000e-03 0.00000000e+00 1.53466667e-02 1.85266667e-01 9.01066667e-02 3.65333333e-03 6.28800000e-02 0.00000000e+00 2.93333333e-04 1.06666667e-04 6.51466667e-02 0.00000000e+00 0.00000000e+00 1.30400000e-02 0.00000000e+00 0.00000000e+00 0.00000000e+00 6.93333333e-04 1.46666667e-04 0.00000000e+00 1.06666667e-04 0.00000000e+00 0.00000000e+00 0.00000000e+00 3.06666667e-04 0.00000000e+00 3.56666667e-02 8.53333333e-04 0.00000000e+00 0.00000000e+00 0.00000000e+00 1.15200000e-02 1.50666667e-03 5.19600000e-02 2.16000000e-03 0.00000000e+00 3.06666667e-04 5.37066667e-02 1.86666667e-03 2.13333333e-04 1.77333333e-03 0.00000000e+00 0.00000000e+00 0.00000000e+00 5.20000000e-04
 1.20000000e-03 1.28800000e-02 1.20000000e-04 2.18400000e-02 3.08000000e-03 4.93333333e-04 7.21333333e-03 6.93333333e-04 1.05506667e-01 4.10666667e-03 4.40000000e-04 1.23733333e-02 6.01333333e-03 1.02666667e-03 9.92000000e-03 6.85333333e-03 5.06666667e-04 0.00000000e+00 3.33333333e-04 4.72000000e-03 1.73333333e-04 5.41733333e-02 2.24000000e-03 0.00000000e+00 2.20000000e-03 1.98666667e-03 6.82666667e-02 7.03600000e-02 8.22666667e-03 9.13333333e-03 1.81333333e-03 2.93333333e-04 1.20000000e-03 2.84000000e-03 1.28000000e-03 1.06666667e-04 8.40000000e-04 2.48000000e-03 0.00000000e+00 3.60000000e-04 8.69333333e-03 1.20000000e-04 2.00000000e-03 6.04000000e-03 6.66666667e-05 9.60000000e-04 1.20000000e-04 4.26666667e-04 8.00000000e-05 4.44000000e-03 1.60000000e-04 0.00000000e+00 0.00000000e+00 8.66666667e-04 4.93333333e-03 1.41333333e-03 1.50666667e-03 2.20000000e-02 0.00000000e+00 1.12000000e-03 2.56000000e-03 3.72266667e-02 3.69333333e-03 7.69333333e-03 0.00000000e+00 6.66666667e-05 0.00000000e+00 1.34666667e-03
 0.00000000e+00 9.12000000e-03 0.00000000e+00 0.00000000e+00 1.06666667e-04 0.00000000e+00 0.00000000e+00 0.00000000e+00 6.40000000e-04 0.00000000e+00 8.00000000e-04 0.00000000e+00 4.11600000e-02 0.00000000e+00 8.00000000e-05 0.00000000e+00 0.00000000e+00 0.00000000e+00 0.00000000e+00 0.00000000e+00 0.00000000e+00 1.42666667e-03 0.00000000e+00 2.20000000e-03 0.00000000e+00 2.45333333e-03 3.16800000e-02 0.00000000e+00 0.00000000e+00 0.00000000e+00 3.57333333e-03 0.00000000e+00 0.00000000e+00 0.00000000e+00 0.00000000e+00 0.00000000e+00 0.00000000e+00 0.00000000e+00 0.00000000e+00 0.00000000e+00 0.00000000e+00 0.00000000e+00 0.00000000e+00 0.00000000e+00 2.13333333e-04 0.00000000e+00 2.26666667e-04 0.00000000e+00 0.00000000e+00 0.00000000e+00 0.00000000e+00 0.00000000e+00 0.00000000e+00 0.00000000e+00 0.00000000e+00 0.00000000e+00 0.00000000e+00 0.00000000e+00 9.33333333e-05 1.13333333e-03 7.46666667e-04 0.00000000e+00 0.00000000e+00 0.00000000e+00 1.06666667e-04 0.00000000e+00 0.00000000e+00 0.00000000e+00
 2.66666667e-03 1.98666667e-03 6.88000000e-02 9.33333333e-05 2.26666667e-04 2.72000000e-03 1.12266667e-02 9.42666667e-03 7.73333333e-04 6.20000000e-03 4.14400000e-02 8.66666667e-04 6.82666667e-03 1.48266667e-02 2.26666667e-04 2.53333333e-04 6.26666667e-02 3.36266667e-02 3.71733333e-02 6.93333333e-04 5.13333333e-03 1.22666667e-03 1.53466667e-02 1.98666667e-03 2.45333333e-03 0.00000000e+00 1.05866667e-01 3.17333333e-03 1.09333333e-02 8.44000000e-03 1.14400000e-02 6.82666667e-03 1.33333333e-04 1.19600000e-02 0.00000000e+00 7.20000000e-04 8.13333333e-04 0.00000000e+00 0.00000000e+00 0.00000000e+00 0.00000000e+00 0.00000000e+00 9.33333333e-05 0.00000000e+00 2.49333333e-03 0.00000000e+00 1.06666667e-02 0.00000000e+00 0.00000000e+00 9.33333333e-05 8.00000000e-05 1.94666667e-03 7.20000000e-04 0.00000000e+00 9.33333333e-05 0.00000000e+00 2.13333333e-04 1.33333333e-04 1.72000000e-03 5.80933333e-02 3.36666667e-02 1.46666667e-04 0.00000000e+00 0.00000000e+00 3.38666667e-03 0.00000000e+00 0.00000000e+00 0.00000000e+00
 1.40000000e-03 4.97066667e-02 1.51173333e-01 2.66666667e-04 1.13333333e-03 1.54666667e-03 1.15733333e-02 4.02666667e-03 1.19200000e-02 5.50666667e-03 1.37333333e-02 2.38666667e-03 3.09200000e-02 6.26666667e-03 2.22666667e-03 3.66133333e-02 5.58133333e-02 3.40000000e-03 1.88133333e-02 9.06666667e-04 1.87066667e-02 4.29600000e-02 1.85266667e-01 6.82666667e-02 3.16800000e-02 1.05866667e-01 0.00000000e+00 7.25466667e-02 6.78666667e-03 1.58666667e-03 1.85466667e-02 5.36000000e-03 9.33333333e-05 3.89333333e-02 0.00000000e+00 6.22666667e-03 2.66266667e-02 0.00000000e+00 0.00000000e+00 0.00000000e+00 7.73333333e-04 3.60000000e-04 9.33333333e-05 3.73333333e-04 2.37333333e-03 0.00000000e+00 7.30666667e-03 6.53333333e-04 0.00000000e+00 4.98666667e-03 3.54666667e-03 1.17333333e-03 7.73333333e-04 0.00000000e+00 5.46666667e-04 1.30666667e-03 3.15600000e-02 1.90666667e-03 3.06666667e-03 7.98800000e-02 1.32066667e-01 1.80000000e-03 9.33333333e-05 2.80000000e-04 3.12000000e-03 0.00000000e+00 0.00000000e+00 1.33333333e-03
 4.26666667e-03 4.00000000e-04 1.08266667e-02 8.56133333e-02 2.08000000e-03 1.83066667e-02 3.10093333e-01 6.28000000e-03 2.03733333e-02 1.09453333e-01 5.60000000e-04 4.04666667e-02 3.06666667e-04 7.93333333e-03 7.73333333e-03 6.48000000e-03 3.09333333e-03 3.33333333e-04 8.80000000e-04 4.32000000e-02 6.75066667e-02 5.74666667e-03 9.01066667e-02 7.03600000e-02 0.00000000e+00 3.17333333e-03 7.25466667e-02 0.00000000e+00 5.84666667e-02 1.29320000e-01 1.33333333e-04 1.30666667e-03 1.19600000e-02 2.64800000e-02 2.46666667e-03 0.00000000e+00 7.06666667e-04 6.78666667e-03 0.00000000e+00 4.40000000e-04 1.80266667e-02 4.13333333e-04 1.32000000e-03 1.48933333e-02 8.00000000e-05 1.64666667e-02 0.00000000e+00 5.86666667e-04 9.33333333e-05 2.70666667e-03 1.46666667e-04 0.00000000e+00 0.00000000e+00 2.14666667e-03 3.38666667e-03 4.80000000e-04 1.34666667e-03 3.64933333e-02 0.00000000e+00 2.00000000e-04 2.12000000e-03 5.56933333e-02 6.48000000e-03 1.19200000e-02 0.00000000e+00 1.46666667e-04 1.46666667e-04 1.82666667e-03
 6.20533333e-02 0.00000000e+00 2.08000000e-03 1.22666667e-03 0.00000000e+00 1.34666667e-03 4.25333333e-02 9.61333333e-03 1.34666667e-03 1.62800000e-02 1.03866667e-02 2.53333333e-03 9.60000000e-04 9.61733333e-02 9.33333333e-05 2.00000000e-04 8.77333333e-03 8.25333333e-03 1.41466667e-02 2.05333333e-03 4.44000000e-03 3.20000000e-04 3.65333333e-03 8.22666667e-03 0.00000000e+00 1.09333333e-02 6.78666667e-03 5.84666667e-02 0.00000000e+00 8.41866667e-02 3.73333333e-04 8.57333333e-03 3.00400000e-02 4.20000000e-02 1.06666667e-04 0.00000000e+00 0.00000000e+00 1.46666667e-04 0.00000000e+00 0.00000000e+00 8.93333333e-04 0.00000000e+00 1.20000000e-04 4.40000000e-04 0.00000000e+00 2.26666667e-04 0.00000000e+00 0.00000000e+00 0.00000000e+00 6.66666667e-04 0.00000000e+00 0.00000000e+00 0.00000000e+00 0.00000000e+00 9.73333333e-04 1.20000000e-04 1.20000000e-04 2.81333333e-03 0.00000000e+00 8.00000000e-05 1.20000000e-04 5.62666667e-03 3.60000000e-04 1.13333333e-03 0.00000000e+00 0.00000000e+00 0.00000000e+00 2.00000000e-04
 4.97466667e-02 0.00000000e+00 8.00000000e-03 0.00000000e+00 0.00000000e+00 4.26666667e-04 5.40000000e-02 1.22800000e-02 3.72000000e-03 4.80000000e-04 1.97333333e-03 0.00000000e+00 1.46666667e-04 5.48666667e-02 0.00000000e+00 3.16000000e-03 2.46933333e-02 2.69333333e-03 1.20533333e-02 0.00000000e+00 8.34933333e-02 2.80000000e-03 6.28800000e-02 9.13333333e-03 0.00000000e+00 8.44000000e-03 1.58666667e-03 1.29320000e-01 8.41866667e-02 0.00000000e+00 0.00000000e+00 6.80000000e-04 9.33333333e-03 3.28666667e-02 3.33333333e-04 0.00000000e+00 0.00000000e+00 6.66666667e-05 0.00000000e+00 0.00000000e+00 1.74666667e-03 0.00000000e+00 3.86666667e-04 2.40000000e-04 0.00000000e+00 0.00000000e+00 0.00000000e+00 1.33333333e-04 0.00000000e+00 7.24000000e-03 8.00000000e-05 0.00000000e+00 0.00000000e+00 0.00000000e+00 7.10666667e-03 7.20000000e-04 1.97333333e-03 7.02666667e-03 0.00000000e+00 1.33333333e-04 2.53333333e-04 1.54400000e-02 1.04000000e-03 5.34666667e-03 0.00000000e+00 0.00000000e+00 0.00000000e+00 8.93333333e-04
 6.66666667e-05 2.45333333e-03 0.00000000e+00 0.00000000e+00 0.00000000e+00 2.53333333e-04 8.00000000e-05 7.06666667e-04 7.06666667e-04 2.40000000e-04 1.63200000e-02 2.40000000e-04 3.57733333e-02 4.66666667e-04 8.00000000e-05 0.00000000e+00 0.00000000e+00 7.86666667e-04 2.40000000e-04 1.33333333e-04 0.00000000e+00 1.28000000e-03 0.00000000e+00 1.81333333e-03 3.57333333e-03 1.14400000e-02 1.85466667e-02 1.33333333e-04 3.73333333e-04 0.00000000e+00 0.00000000e+00 1.13333333e-03 0.00000000e+00 8.40000000e-04 0.00000000e+00 0.00000000e+00 0.00000000e+00 0.00000000e+00 0.00000000e+00 0.00000000e+00 0.00000000e+00 0.00000000e+00 0.00000000e+00 0.00000000e+00 1.44000000e-03 0.00000000e+00 4.98666667e-03 0.00000000e+00 0.00000000e+00 0.00000000e+00 0.00000000e+00 1.33333333e-04 0.00000000e+00 0.00000000e+00 0.00000000e+00 0.00000000e+00 0.00000000e+00 9.33333333e-05 5.73333333e-04 2.32000000e-03 1.50666667e-03 0.00000000e+00 0.00000000e+00 0.00000000e+00 1.01333333e-03 0.00000000e+00 0.00000000e+00 8.00000000e-05
 3.20000000e-04 0.00000000e+00 4.40000000e-04 2.00000000e-04 1.13333333e-03 4.46400000e-02 2.28000000e-03 7.00133333e-02 0.00000000e+00 4.77333333e-03 2.37333333e-02 1.88000000e-03 9.52000000e-03 5.18133333e-02 3.33333333e-04 0.00000000e+00 2.40000000e-04 4.61333333e-03 1.54666667e-03 1.30666667e-03 0.00000000e+00 8.00000000e-05 2.93333333e-04 2.93333333e-04 0.00000000e+00 6.82666667e-03 5.36000000e-03 1.30666667e-03 8.57333333e-03 6.80000000e-04 1.13333333e-03 0.00000000e+00 0.00000000e+00 5.20266667e-02 0.00000000e+00 0.00000000e+00 0.00000000e+00 0.00000000e+00 0.00000000e+00 0.00000000e+00 0.00000000e+00 0.00000000e+00 0.00000000e+00 1.06666667e-04 0.00000000e+00 0.00000000e+00 0.00000000e+00 0.00000000e+00 0.00000000e+00 0.00000000e+00 0.00000000e+00 0.00000000e+00 0.00000000e+00 0.00000000e+00 0.00000000e+00 0.00000000e+00 0.00000000e+00 1.46666667e-04 0.00000000e+00 0.00000000e+00 0.00000000e+00 2.26666667e-04 0.00000000e+00 0.00000000e+00 0.00000000e+00 0.00000000e+00 0.00000000e+00 0.00000000e+00
 8.00000000e-05 0.00000000e+00 0.00000000e+00 0.00000000e+00 0.00000000e+00 0.00000000e+00 2.02666667e-03 0.00000000e+00 8.00000000e-05 1.06666667e-04 2.13333333e-04 0.00000000e+00 0.00000000e+00 0.00000000e+00 0.00000000e+00 0.00000000e+00 1.60000000e-04 1.73333333e-04 2.13333333e-04 0.00000000e+00 3.20000000e-04 0.00000000e+00 1.06666667e-04 1.20000000e-03 0.00000000e+00 1.33333333e-04 9.33333333e-05 1.19600000e-02 3.00400000e-02 9.33333333e-03 0.00000000e+00 0.00000000e+00 0.00000000e+00 5.16000000e-03 0.00000000e+00 0.00000000e+00 0.00000000e+00 0.00000000e+00 0.00000000e+00 0.00000000e+00 0.00000000e+00 0.00000000e+00 0.00000000e+00 0.00000000e+00 0.00000000e+00 0.00000000e+00 0.00000000e+00 0.00000000e+00 0.00000000e+00 1.86666667e-04 0.00000000e+00 0.00000000e+00 0.00000000e+00 0.00000000e+00 2.26666667e-04 8.00000000e-05 0.00000000e+00 3.20000000e-04 0.00000000e+00 0.00000000e+00 0.00000000e+00 6.26666667e-04 0.00000000e+00 2.26666667e-04 0.00000000e+00 0.00000000e+00 0.00000000e+00 0.00000000e+00
 3.94666667e-03 6.93333333e-04 4.48000000e-03 4.53333333e-04 6.89333333e-03 1.68000000e-03 1.25066667e-02 2.24000000e-03 2.13333333e-04 1.04533333e-02 3.48400000e-02 1.14666667e-03 1.03200000e-02 6.70666667e-03 1.06666667e-04 2.70666667e-03 1.52533333e-02 1.34266667e-02 5.86666667e-03 8.53333333e-04 4.35333333e-02 2.80000000e-04 6.51466667e-02 2.84000000e-03 0.00000000e+00 1.19600000e-02 3.89333333e-02 2.64800000e-02 4.20000000e-02 3.28666667e-02 8.40000000e-04 5.20266667e-02 5.16000000e-03 0.00000000e+00 0.00000000e+00 6.66666667e-05 3.86666667e-04 6.66666667e-05 0.00000000e+00 0.00000000e+00 3.73333333e-04 0.00000000e+00 0.00000000e+00 1.86666667e-04 0.00000000e+00 1.33333333e-04 1.06666667e-04 0.00000000e+00 0.00000000e+00 3.20000000e-04 0.00000000e+00 0.00000000e+00 0.00000000e+00 0.00000000e+00 1.06666667e-04 0.00000000e+00 4.40000000e-04 5.86666667e-04 0.00000000e+00 3.20000000e-04 1.13333333e-03 1.24000000e-03 9.33333333e-05 1.86666667e-04 0.00000000e+00 0.00000000e+00 0.00000000e+00 0.00000000e+00
 0.00000000e+00 0.00000000e+00 0.00000000e+00 0.00000000e+00 0.00000000e+00 0.00000000e+00 2.66666667e-04 0.00000000e+00 6.66666667e-05 0.00000000e+00 0.00000000e+00 0.00000000e+00 0.00000000e+00 0.00000000e+00 0.00000000e+00 6.66666667e-05 0.00000000e+00 0.00000000e+00 0.00000000e+00 0.00000000e+00 4.26666667e-04 0.00000000e+00 0.00000000e+00 1.28000000e-03 0.00000000e+00 0.00000000e+00 0.00000000e+00 2.46666667e-03 1.06666667e-04 3.33333333e-04 0.00000000e+00 0.00000000e+00 0.00000000e+00 0.00000000e+00 0.00000000e+00 0.00000000e+00 1.33333333e-04 1.73333333e-04 0.00000000e+00 2.00000000e-04 3.45066667e-02 2.36000000e-03 1.45333333e-03 1.26666667e-03 8.26666667e-04 1.60000000e-04 0.00000000e+00 6.94266667e-02 6.66666667e-05 1.73333333e-04 6.66666667e-04 4.80000000e-04 2.34666667e-03 0.00000000e+00 5.60000000e-04 0.00000000e+00 3.73333333e-04 3.33333333e-03 0.00000000e+00 1.13333333e-03 7.60000000e-04 1.20400000e-02 7.72533333e-02 1.37866667e-02 0.00000000e+00 2.53333333e-04 3.60000000e-04 1.02266667e-02
 0.00000000e+00 0.00000000e+00 8.93333333e-04 0.00000000e+00 0.00000000e+00 0.00000000e+00 0.00000000e+00 0.00000000e+00 0.00000000e+00 0.00000000e+00 1.20000000e-04 0.00000000e+00 1.33333333e-04 0.00000000e+00 0.00000000e+00 0.00000000e+00 4.93333333e-04 0.00000000e+00 0.00000000e+00 0.00000000e+00 0.00000000e+00 0.00000000e+00 0.00000000e+00 1.06666667e-04 0.00000000e+00 7.20000000e-04 6.22666667e-03 0.00000000e+00 0.00000000e+00 0.00000000e+00 0.00000000e+00 0.00000000e+00 0.00000000e+00 6.66666667e-05 0.00000000e+00 0.00000000e+00 6.66666667e-04 0.00000000e+00 1.14666667e-03 1.46666667e-04 0.00000000e+00 0.00000000e+00 7.81333333e-03 0.00000000e+00 0.00000000e+00 0.00000000e+00 4.46666667e-03 0.00000000e+00 1.49333333e-03 0.00000000e+00 4.93333333e-04 0.00000000e+00 0.00000000e+00 0.00000000e+00 0.00000000e+00 2.44933333e-02 1.05333333e-03 1.53866667e-02 4.04000000e-03 2.14666667e-03 2.75466667e-02 0.00000000e+00 0.00000000e+00 0.00000000e+00 0.00000000e+00 9.33333333e-05 0.00000000e+00 2.53333333e-04
 0.00000000e+00 3.06666667e-04 1.77866667e-02 0.00000000e+00 0.00000000e+00 0.00000000e+00 2.66666667e-04 0.00000000e+00 0.00000000e+00 0.00000000e+00 0.00000000e+00 0.00000000e+00 0.00000000e+00 6.66666667e-05 0.00000000e+00 2.00000000e-04 2.49333333e-03 0.00000000e+00 1.73333333e-04 0.00000000e+00 9.33333333e-05 4.93333333e-04 1.30400000e-02 8.40000000e-04 0.00000000e+00 8.13333333e-04 2.66266667e-02 7.06666667e-04 0.00000000e+00 0.00000000e+00 0.00000000e+00 0.00000000e+00 0.00000000e+00 3.86666667e-04 1.33333333e-04 6.66666667e-04 0.00000000e+00 8.00000000e-05 0.00000000e+00 4.40000000e-04 2.71866667e-02 4.36000000e-03 6.66666667e-05 4.76000000e-03 0.00000000e+00 0.00000000e+00 0.00000000e+00 5.02666667e-03 0.00000000e+00 9.33333333e-05 7.01866667e-02 5.06666667e-04 6.18666667e-03 0.00000000e+00 7.32000000e-03 1.73333333e-04 1.65560000e-01 6.93333333e-04 0.00000000e+00 2.40000000e-02 1.31653333e-01 1.35066667e-02 3.33333333e-04 1.02666667e-03 0.00000000e+00 9.33333333e-05 0.00000000e+00 6.92000000e-03
 0.00000000e+00 0.00000000e+00 0.00000000e+00 1.61333333e-03 0.00000000e+00 6.66666667e-05 1.81333333e-03 8.00000000e-05 9.33333333e-05 2.33333333e-03 0.00000000e+00 7.06666667e-04 0.00000000e+00 8.00000000e-05 8.00000000e-05 0.00000000e+00 0.00000000e+00 0.00000000e+00 0.00000000e+00 8.40000000e-04 0.00000000e+00 0.00000000e+00 0.00000000e+00 2.48000000e-03 0.00000000e+00 0.00000000e+00 0.00000000e+00 6.78666667e-03 1.46666667e-04 6.66666667e-05 0.00000000e+00 0.00000000e+00 0.00000000e+00 6.66666667e-05 1.73333333e-04 0.00000000e+00 8.00000000e-05 0.00000000e+00 3.46666667e-04 1.90666667e-03 1.13333333e-03 1.32000000e-03 9.08000000e-03 5.60666667e-02 3.60000000e-04 3.46533333e-02 0.00000000e+00 1.54666667e-03 1.37333333e-03 0.00000000e+00 0.00000000e+00 0.00000000e+00 6.66666667e-05 8.05200000e-02 0.00000000e+00 0.00000000e+00 0.00000000e+00 3.41600000e-02 0.00000000e+00 2.53333333e-04 2.40000000e-04 3.05066667e-02 3.37333333e-03 8.00000000e-05 0.00000000e+00 4.93333333e-04 0.00000000e+00 1.74666667e-03
 0.00000000e+00 0.00000000e+00 0.00000000e+00 0.00000000e+00 0.00000000e+00 0.00000000e+00 0.00000000e+00 0.00000000e+00 0.00000000e+00 0.00000000e+00 0.00000000e+00 0.00000000e+00 6.66666667e-05 0.00000000e+00 0.00000000e+00 0.00000000e+00 0.00000000e+00 0.00000000e+00 0.00000000e+00 0.00000000e+00 0.00000000e+00 0.00000000e+00 0.00000000e+00 0.00000000e+00 0.00000000e+00 0.00000000e+00 0.00000000e+00 0.00000000e+00 0.00000000e+00 0.00000000e+00 0.00000000e+00 0.00000000e+00 0.00000000e+00 0.00000000e+00 0.00000000e+00 1.14666667e-03 0.00000000e+00 3.46666667e-04 0.00000000e+00 7.93333333e-03 5.20000000e-04 8.40000000e-04 2.02666667e-03 5.06666667e-04 2.46666667e-03 1.38666667e-03 9.20000000e-04 1.20000000e-04 1.60666667e-02 0.00000000e+00 0.00000000e+00 0.00000000e+00 0.00000000e+00 2.66666667e-04 0.00000000e+00 1.14666667e-03 0.00000000e+00 2.92000000e-03 4.40000000e-04 5.06666667e-04 1.40000000e-03 3.02666667e-03 4.00000000e-04 0.00000000e+00 0.00000000e+00 1.50000000e-02 0.00000000e+00 2.61866667e-02
