 0.00000000e+00 0.00000000e+00 1.70666667e-03 0.00000000e+00 0.00000000e+00 4.80000000e-04 6.90933333e-02 3.12000000e-03 2.40000000e-04 7.20000000e-04 6.40000000e-04 6.66666667e-05 0.00000000e+00 3.73733333e-02 0.00000000e+00 0.00000000e+00 3.93333333e-03 6.80000000e-04 1.77333333e-03 0.00000000e+00 3.09333333e-03 8.00000000e-05 9.88000000e-03 2.26666667e-04 0.00000000e+00 8.66666667e-04 5.86666667e-04 2.26666667e-03 7.09466667e-02 2.41466667e-02 0.00000000e+00 2.93333333e-04 1.20000000e-04 4.66666667e-04 0.00000000e+00 0.00000000e+00 0.00000000e+00 0.00000000e+00 0.00000000e+00 0.00000000e+00 0.00000000e+00 0.00000000e+00 0.00000000e+00 0.00000000e+00 0.00000000e+00 0.00000000e+00 0.00000000e+00 0.00000000e+00 0.00000000e+00 0.00000000e+00 0.00000000e+00 0.00000000e+00 0.00000000e+00 0.00000000e+00 0.00000000e+00 0.00000000e+00 0.00000000e+00 0.00000000e+00 0.00000000e+00 0.00000000e+00 1.06666667e-04 0.00000000e+00 0.00000000e+00 0.00000000e+00 0.00000000e+00 0.00000000e+00 0.00000000e+00 0.00000000e+00
 0.00000000e+00 0.00000000e+00 4.60000000e-03 0.00000000e+00 8.80000000e-04 0.00000000e+00 1.46666667e-04 0.00000000e+00 1.26666667e-02 0.00000000e+00 6.66666667e-04 2.66666667e-04 7.80000000e-03 8.00000000e-05 1.20000000e-03 8.26666667e-04 4.57333333e-03 0.00000000e+00 2.26666667e-04 0.00000000e+00 0.00000000e+00 2.39600000e-02 1.09333333e-03 1.53200000e-02 2.59066667e-02 8.08000000e-03 1.09106667e-01 4.93333333e-04 1.06666667e-04 0.00000000e+00 5.06666667e-04 1.06666667e-04 0.00000000e+00 9.60000000e-04 0.00000000e+00 9.33333333e-04 3.04000000e-03 0.00000000e+00 0.00000000e+00 0.00000000e+00 9.33333333e-05 0.00000000e+00 0.00000000e+00 0.00000000e+00 2.26666667e-04 0.00000000e+00 4.53333333e-04 0.00000000e+00 0.00000000e+00 9.33333333e-05 1.30666667e-03 0.00000000e+00 5.33333333e-04 0.00000000e+00 0.00000000e+00 0.00000000e+00 5.46666667e-04 8.00000000e-05 0.00000000e+00 3.85333333e-03 8.89333333e-03 1.73333333e-04 0.00000000e+00 0.00000000e+00 1.33333333e-04 0.00000000e+00 0.00000000e+00 9.33333333e-05
 1.70666667e-03 4.60000000e-03 0.00000000e+00 1.06666667e-04 8.00000000e-05 3.64000000e-03 2.94533333e-02 1.29066667e-02 0.00000000e+00 4.04000000e-03 9.33333333e-05 0.00000000e+00 1.33333333e-04 9.65333333e-03 0.00000000e+00 2.00000000e-04 4.46133333e-02 1.08000000e-03 3.06666667e-03 6.66666667e-05 7.05333333e-03 9.73333333e-04 8.50000000e-02 9.60000000e-04 0.00000000e+00 1.00133333e-01 9.75733333e-02 1.12533333e-02 3.54666667e-03 2.66666667e-03 0.00000000e+00 2.13333333e-04 8.00000000e-05 1.60000000e-03 0.00000000e+00 1.54666667e-03 2.24400000e-02 0.00000000e+00 0.00000000e+00 0.00000000e+00 8.13333333e-04 3.86666667e-04 0.00000000e+00 6.66666667e-05 1.20000000e-04 0.00000000e+00 0.00000000e+00 2.26666667e-04 0.00000000e+00 1.08000000e-03 8.00000000e-03 0.00000000e+00 5.20000000e-04 0.00000000e+00 1.33333333e-04 1.73333333e-04 9.37333333e-03 4.40000000e-04 0.00000000e+00 4.77333333e-03 3.26933333e-02 1.17333333e-03 6.66666667e-05 1.20000000e-04 0.00000000e+00 0.00000000e+00 0.00000000e+00 2.13333333e-04
 0.00000000e+00 0.00000000e+00 1.06666667e-04 0.00000000e+00 8.13333333e-04 8.21333333e-03 4.80000000e-04 1.25333333e-03 8.56000000e-03 4.76933333e-02 0.00000000e+00 2.26533333e-02 0.00000000e+00 1.34666667e-03 2.00000000e-03 0.00000000e+00 6.66666667e-05 0.00000000e+00 0.00000000e+00 1.05946667e-01 0.00000000e+00 0.00000000e+00 0.00000000e+00 4.46000000e-02 0.00000000e+00 1.33333333e-04 2.40000000e-04 1.34080000e-01 1.90666667e-03 0.00000000e+00 0.00000000e+00 4.66666667e-04 1.60000000e-04 6.53333333e-04 0.00000000e+00 0.00000000e+00 0.00000000e+00 7.30666667e-03 0.00000000e+00 5.46666667e-04 1.48000000e-03 1.36000000e-03 1.13333333e-03 7.50666667e-03 0.00000000e+00 9.73333333e-04 0.00000000e+00 3.86666667e-04 8.00000000e-05 0.00000000e+00 0.00000000e+00 0.00000000e+00 0.00000000e+00 2.40000000e-03 0.00000000e+00 0.00000000e+00 0.00000000e+00 3.14666667e-03 0.00000000e+00 0.00000000e+00 9.33333333e-05 9.76000000e-03 2.26666667e-04 1.73333333e-04 0.00000000e+00 1.46666667e-04 0.00000000e+00 1.33333333e-04
 0.00000000e+00 8.80000000e-04 8.00000000e-05 8.13333333e-04 0.00000000e+00 4.07333333e-02 8.00000000e-04 1.22666667e-03 7.06666667e-04 2.52000000e-03 8.53333333e-04 3.06666667e-03 9.60000000e-04 1.46666667e-04 1.77733333e-02 0.00000000e+00 0.00000000e+00 2.13333333e-04 9.33333333e-05 4.40000000e-04 0.00000000e+00 1.18666667e-03 1.60000000e-04 5.22666667e-03 8.00000000e-05 3.86666667e-04 1.86666667e-03 3.06666667e-03 1.46666667e-04 1.73333333e-04 6.66666667e-05 9.33333333e-04 6.66666667e-05 8.41333333e-03 0.00000000e+00 0.00000000e+00 0.00000000e+00 1.20000000e-04 0.00000000e+00 0.00000000e+00 0.00000000e+00 0.00000000e+00 0.00000000e+00 1.06666667e-04 0.00000000e+00 0.00000000e+00 0.00000000e+00 0.00000000e+00 0.00000000e+00 0.00000000e+00 0.00000000e+00 0.00000000e+00 0.00000000e+00 6.66666667e-05 0.00000000e+00 0.00000000e+00 0.00000000e+00 0.00000000e+00 0.00000000e+00 0.00000000e+00 0.00000000e+00 2.93333333e-04 0.00000000e+00 0.00000000e+00 0.00000000e+00 0.00000000e+00 0.00000000e+00 0.00000000e+00
 4.80000000e-04 0.00000000e+00 3.64000000e-03 8.21333333e-03 4.07333333e-02 0.00000000e+00 3.39200000e-02 1.45533333e-01 1.45333333e-03 1.64293333e-01 1.05333333e-03 4.07333333e-02 9.73333333e-04 8.49333333e-03 1.56666667e-02 1.60000000e-04 1.20000000e-03 5.33333333e-04 6.66666667e-04 3.60000000e-03 8.53333333e-04 2.40000000e-04 3.74666667e-03 6.34666667e-03 0.00000000e+00 2.61333333e-03 2.24000000e-03 4.12266667e-02 5.50666667e-03 4.53333333e-04 0.00000000e+00 2.75066667e-02 3.46666667e-04 1.98666667e-03 0.00000000e+00 0.00000000e+00 0.00000000e+00 1.45333333e-03 0.00000000e+00 1.46666667e-04 1.16000000e-03 6.93333333e-04 1.60000000e-04 1.96000000e-03 0.00000000e+00 2.66666667e-04 0.00000000e+00 2.66666667e-04 0.00000000e+00 0.00000000e+00 0.00000000e+00 0.00000000e+00 0.00000000e+00 5.20000000e-04 0.00000000e+00 0.00000000e+00 1.06666667e-04 1.37333333e-03 0.00000000e+00 0.00000000e+00 6.66666667e-05 3.60000000e-03 2.13333333e-04 2.53333333e-04 0.00000000e+00 0.00000000e+00 0.00000000e+00 6.66666667e-05
 6.90933333e-02 1.46666667e-04 2.94533333e-02 4.80000000e-04 8.00000000e-04 3.39200000e-02 0.00000000e+00 4.42533333e-02 7.53333333e-03 5.70533333e-02 6.13333333e-04 2.00000000e-04 2.80000000e-04 6.83066667e-02 9.06666667e-04 1.29333333e-03 6.98666667e-03 4.93333333e-04 1.82666667e-03 8.00000000e-05 2.69733333e-02 1.29333333e-03 6.70800000e-02 2.49866667e-02 0.00000000e+00 1.46000000e-02 2.95600000e-02 2.78973333e-01 6.17600000e-02 9.26133333e-02 0.00000000e+00 1.14666667e-03 8.82666667e-03 9.74666667e-03 1.06666667e-04 0.00000000e+00 2.66666667e-04 1.48000000e-03 0.00000000e+00 3.20000000e-04 3.37333333e-03 1.94666667e-03 1.29333333e-03 2.65333333e-03 0.00000000e+00 2.53333333e-04 0.00000000e+00 1.16000000e-03 0.00000000e+00 2.26666667e-04 0.00000000e+00 6.66666667e-05 0.00000000e+00 6.40000000e-04 3.46666667e-04 1.33333333e-04 7.06666667e-04 3.70666667e-03 0.00000000e+00 1.06666667e-04 4.53333333e-04 1.12533333e-02 1.02666667e-03 1.34666667e-03 0.00000000e+00 0.00000000e+00 8.00000000e-05 4.00000000e-04
 3.12000000e-03 0.00000000e+00 1.29066667e-02 1.25333333e-03 1.22666667e-03 1.45533333e-01 4.42533333e-02 0.00000000e+00 2.25333333e-03 2.79733333e-02 5.09333333e-03 7.54666667e-03 2.37333333e-03 6.22133333e-02 3.60000000e-04 0.00000000e+00 1.11600000e-02 2.52000000e-03 5.81333333e-03 1.60000000e-03 4.17333333e-03 1.20000000e-04 2.55600000e-02 4.66666667e-03 0.00000000e+00 8.61333333e-03 2.32000000e-03 6.48000000e-03 1.49200000e-02 7.09333333e-03 6.66666667e-05 5.40000000e-02 8.00000000e-05 2.44000000e-03 0.00000000e+00 0.00000000e+00 2.80000000e-04 4.00000000e-04 0.00000000e+00 0.00000000e+00 7.73333333e-04 4.53333333e-04 3.06666667e-04 6.40000000e-04 0.00000000e+00 1.06666667e-04 0.00000000e+00 3.60000000e-04 0.00000000e+00 0.00000000e+00 0.00000000e+00 0.00000000e+00 0.00000000e+00 1.33333333e-04 1.33333333e-04 0.00000000e+00 2.00000000e-04 1.22666667e-03 0.00000000e+00 0.00000000e+00 2.40000000e-04 2.58666667e-03 2.53333333e-04 2.93333333e-04 0.00000000e+00 6.66666667e-05 0.00000000e+00 9.33333333e-05
 2.40000000e-04 1.26666667e-02 0.00000000e+00 8.56000000e-03 7.06666667e-04 1.45333333e-03 7.53333333e-03 2.25333333e-03 0.00000000e+00 4.58666667e-03 4.00000000e-04 7.76000000e-03 2.25333333e-03 1.90666667e-03 1.98666667e-03 0.00000000e+00 3.60000000e-04 9.33333333e-05 0.00000000e+00 1.54666667e-03 1.86666667e-04 6.05466667e-02 2.80000000e-04 1.02106667e-01 1.48000000e-03 9.86666667e-04 1.37866667e-02 2.18133333e-02 5.60000000e-03 1.95200000e-02 2.40000000e-04 3.33333333e-04 1.05333333e-03 1.56000000e-03 1.33333333e-04 0.00000000e+00 0.00000000e+00 1.26666667e-03 0.00000000e+00 2.00000000e-04 4.36000000e-03 1.41333333e-03 4.00000000e-03 1.44000000e-03 1.20000000e-04 1.60000000e-04 2.40000000e-04 7.06666667e-04 0.00000000e+00 0.00000000e+00 0.00000000e+00 0.00000000e+00 0.00000000e+00 3.86666667e-04 0.00000000e+00 0.00000000e+00 0.00000000e+00 5.60000000e-03 0.00000000e+00 1.20000000e-04 1.06666667e-04 5.98666667e-03 1.18666667e-03 2.10666667e-03 0.00000000e+00 0.00000000e+00 0.00000000e+00 2.00000000e-04
 7.20000000e-04 0.00000000e+00 4.04000000e-03 4.76933333e-02 2.52000000e-03 1.64293333e-01 5.70533333e-02 2.79733333e-02 4.58666667e-03 0.00000000e+00 8.40000000e-04 3.46133333e-02 9.73333333e-04 2.18133333e-02 3.78666667e-03 2.40000000e-04 8.53333333e-04 2.66666667e-04 3.73333333e-04 1.12813333e-01 1.25333333e-03 4.13333333e-04 3.32000000e-03 1.42533333e-02 0.00000000e+00 3.32000000e-03 4.57333333e-03 2.87013333e-01 2.40800000e-02 2.26666667e-04 0.00000000e+00 2.80000000e-03 1.32000000e-03 8.53333333e-03 6.66666667e-05 0.00000000e+00 0.00000000e+00 7.86666667e-03 6.66666667e-05 6.93333333e-04 3.65333333e-03 2.69333333e-03 1.33333333e-03 9.50666667e-03 0.00000000e+00 7.33333333e-04 0.00000000e+00 9.46666667e-04 1.20000000e-04 0.00000000e+00 0.00000000e+00 0.00000000e+00 0.00000000e+00 2.65333333e-03 1.33333333e-04 1.06666667e-04 1.73333333e-04 5.49333333e-03 0.00000000e+00 0.00000000e+00 1.86666667e-04 1.72800000e-02 6.26666667e-04 6.80000000e-04 0.00000000e+00 1.46666667e-04 0.00000000e+00 4.13333333e-04
 6.40000000e-04 6.66666667e-04 9.33333333e-05 0.00000000e+00 8.53333333e-04 1.05333333e-03 6.13333333e-04 5.09333333e-03 4.00000000e-04 8.40000000e-04 0.00000000e+00 4.00000000e-04 6.00533333e-02 5.00000000e-03 0.00000000e+00 1.46666667e-04 7.44000000e-03 4.19466667e-02 5.96000000e-03 0.00000000e+00 1.16000000e-03 4.13333333e-04 1.08000000e-03 6.40000000e-04 9.06666667e-04 6.31200000e-02 1.68800000e-02 2.66666667e-04 1.82933333e-02 3.26666667e-03 1.12666667e-02 9.21333333e-03 1.46666667e-03 2.10666667e-02 0.00000000e+00 1.33333333e-04 0.00000000e+00 0.00000000e+00 0.00000000e+00 0.00000000e+00 0.00000000e+00 0.00000000e+00 0.00000000e+00 0.00000000e+00 1.13333333e-03 0.00000000e+00 6.90666667e-03 0.00000000e+00 0.00000000e+00 0.00000000e+00 0.00000000e+00 8.26666667e-04 6.66666667e-05 0.00000000e+00 6.66666667e-05 8.00000000e-05 9.33333333e-05 1.46666667e-04 1.46666667e-04 3.16000000e-03 2.38666667e-03 2.13333333e-04 0.00000000e+00 0.00000000e+00 1.12000000e-03 0.00000000e+00 0.00000000e+00 0.00000000e+00
 6.66666667e-05 2.66666667e-04 0.00000000e+00 2.26533333e-02 3.06666667e-03 4.07333333e-02 2.00000000e-04 7.54666667e-03 7.76000000e-03 3.46133333e-02 4.00000000e-04 0.00000000e+00 6.66666667e-04 5.80000000e-03 6.70666667e-03 0.00000000e+00 0.00000000e+00 1.60000000e-04 1.20000000e-04 7.67466667e-02 0.00000000e+00 2.80000000e-04 6.66666667e-05 1.56400000e-02 0.00000000e+00 2.00000000e-04 5.60000000e-04 5.21333333e-03 4.48000000e-03 0.00000000e+00 0.00000000e+00 2.26666667e-03 0.00000000e+00 2.12000000e-03 0.00000000e+00 0.00000000e+00 0.00000000e+00 1.44000000e-03 0.00000000e+00 9.33333333e-05 1.60000000e-04 1.33333333e-04 0.00000000e+00 1.21333333e-03 0.00000000e+00 1.46666667e-04 0.00000000e+00 9.33333333e-05 0.00000000e+00 0.00000000e+00 0.00000000e+00 0.00000000e+00 0.00000000e+00 3.20000000e-04 0.00000000e+00 0.00000000e+00 0.00000000e+00 3.20000000e-04 0.00000000e+00 0.00000000e+00 0.00000000e+00 1.34666667e-03 8.00000000e-05 1.33333333e-04 0.00000000e+00 6.66666667e-05 0.00000000e+00 0.00000000e+00
 0.00000000e+00 7.80000000e-03 1.33333333e-04 0.00000000e+00 9.60000000e-04 9.73333333e-04 2.80000000e-04 2.37333333e-03 2.25333333e-03 9.73333333e-04 6.00533333e-02 6.66666667e-04 0.00000000e+00 1.90666667e-03 1.60000000e-04 0.00000000e+00 1.33333333e-04 4.93333333e-04 1.20000000e-04 8.00000000e-05 0.00000000e+00 2.74666667e-03 2.00000000e-04 2.08000000e-03 5.21733333e-02 3.65333333e-03 3.79733333e-02 3.60000000e-04 4.92000000e-03 8.00000000e-05 6.58666667e-03 1.11333333e-02 0.00000000e+00 1.26266667e-02 0.00000000e+00 3.86666667e-04 0.00000000e+00 0.00000000e+00 0.00000000e+00 0.00000000e+00 8.00000000e-05 1.06666667e-04 0.00000000e+00 9.33333333e-05 7.57333333e-03 6.66666667e-05 3.59600000e-02 4.26666667e-04 0.00000000e+00 0.00000000e+00 0.00000000e+00 2.18666667e-03 1.06666667e-04 0.00000000e+00 0.00000000e+00 2.13333333e-04 0.00000000e+00 4.13333333e-04 7.06666667e-04 1.00666667e-02 6.74666667e-03 2.26666667e-04 7.60000000e-04 0.00000000e+00 6.21333333e-03 8.66666667e-04 0.00000000e+00 7.46666667e-04
 3.73733333e-02 8.00000000e-05 9.65333333e-03 1.34666667e-03 1.46666667e-04 8.49333333e-03 6.83066667e-02 6.22133333e-02 1.90666667e-03 2.18133333e-02 5.00000000e-03 5.80000000e-03 1.90666667e-03 0.00000000e+00 9.33333333e-05 0.00000000e+00 9.61333333e-03 2.57333333e-03 5.64000000e-03 1.50666667e-03 5.49333333e-03 3.46666667e-04 2.47600000e-02 3.46666667e-03 0.00000000e+00 5.80000000e-03 2.26666667e-03 9.45333333e-03 5.78133333e-02 2.14000000e-02 0.00000000e+00 1.01333333e-02 0.00000000e+00 3.41333333e-03 0.00000000e+00 0.00000000e+00 1.60000000e-04 2.40000000e-04 0.00000000e+00 0.00000000e+00 7.06666667e-04 3.06666667e-04 1.33333333e-04 4.26666667e-04 0.00000000e+00 0.00000000e+00 0.00000000e+00 2.80000000e-04 0.00000000e+00 0.00000000e+00 0.00000000e+00 0.00000000e+00 0.00000000e+00 6.66666667e-05 6.66666667e-05 0.00000000e+00 9.33333333e-05 8.66666667e-04 0.00000000e+00 1.46666667e-04 1.20000000e-04 1.72000000e-03 2.66666667e-04 2.66666667e-04 0.00000000e+00 0.00000000e+00 0.00000000e+00 9.33333333e-05
 0.00000000e+00 1.20000000e-03 0.00000000e+00 2.00000000e-03 1.77733333e-02 1.56666667e-02 9.06666667e-04 3.60000000e-04 1.98666667e-03 3.78666667e-03 0.00000000e+00 6.70666667e-03 1.60000000e-04 9.33333333e-05 0.00000000e+00 0.00000000e+00 0.00000000e+00 0.00000000e+00 0.00000000e+00 1.58666667e-03 0.00000000e+00 1.77333333e-03 6.66666667e-05 9.60000000e-03 1.73333333e-04 2.00000000e-04 2.21333333e-03 4.50666667e-03 4.13333333e-04 1.86666667e-04 0.00000000e+00 7.20000000e-04 9.33333333e-05 1.86666667e-04 0.00000000e+00 0.00000000e+00 0.00000000e+00 1.06666667e-04 0.00000000e+00 0.00000000e+00 0.00000000e+00 0.00000000e+00 0.00000000e+00 1.46666667e-04 0.00000000e+00 0.00000000e+00 0.00000000e+00 0.00000000e+00 0.00000000e+00 0.00000000e+00 0.00000000e+00 0.00000000e+00 0.00000000e+00 8.00000000e-05 0.00000000e+00 0.00000000e+00 0.00000000e+00 8.00000000e-05 0.00000000e+00 0.00000000e+00 0.00000000e+00 2.93333333e-04 0.00000000e+00 0.00000000e+00 0.00000000e+00 0.00000000e+00 0.00000000e+00 0.00000000e+00
 0.00000000e+00 8.26666667e-04 2.00000000e-04 0.00000000e+00 0.00000000e+00 1.60000000e-04 1.29333333e-03 0.00000000e+00 0.00000000e+00 2.40000000e-04 1.46666667e-04 0.00000000e+00 0.00000000e+00 0.00000000e+00 0.00000000e+00 0.00000000e+00 2.33333333e-03 1.73333333e-04 5.20000000e-04 0.00000000e+00 7.67333333e-02 7.53066667e-02 1.36426667e-01 1.69733333e-02 0.00000000e+00 2.88000000e-03 1.37360000e-01 8.89333333e-03 4.13333333e-04 4.41333333e-03 0.00000000e+00 0.00000000e+00 3.46666667e-04 1.18666667e-03 0.00000000e+00 1.33333333e-04 9.06666667e-04 0.00000000e+00 0.00000000e+00 0.00000000e+00 3.06666667e-04 0.00000000e+00 0.00000000e+00 0.00000000e+00 0.00000000e+00 0.00000000e+00 0.00000000e+00 0.00000000e+00 0.00000000e+00 1.91333333e-02 3.06666667e-04 0.00000000e+00 0.00000000e+00 0.00000000e+00 8.02666667e-03 5.06666667e-03 2.94800000e-02 5.06666667e-04 0.00000000e+00 8.00000000e-05 4.28000000e-03 1.86666667e-03 6.26666667e-04 2.60000000e-03 0.00000000e+00 0.00000000e+00 1.06666667e-04 2.93333333e-04
 3.93333333e-03 4.57333333e-03 4.46133333e-02 6.66666667e-05 0.00000000e+00 1.20000000e-03 6.98666667e-03 1.11600000e-02 3.60000000e-04 8.53333333e-04 7.44000000e-03 0.00000000e+00 1.33333333e-04 9.61333333e-03 0.00000000e+00 2.33333333e-03 0.00000000e+00 1.02933333e-02 4.38400000e-02 0.00000000e+00 2.60000000e-03 1.61333333e-03 8.52266667e-02 3.49333333e-03 0.00000000e+00 1.16533333e-02 1.29013333e-01 3.17333333e-03 2.14800000e-02 1.17066667e-02 0.00000000e+00 3.46666667e-04 2.80000000e-04 2.72266667e-02 0.00000000e+00 4.66666667e-04 9.33333333e-03 0.00000000e+00 0.00000000e+00 0.00000000e+00 2.00000000e-04 1.33333333e-04 0.00000000e+00 0.00000000e+00 0.00000000e+00 0.00000000e+00 0.00000000e+00 1.20000000e-04 0.00000000e+00 2.53333333e-04 3.22666667e-03 1.20000000e-04 7.46666667e-04 0.00000000e+00 2.26666667e-04 0.00000000e+00 2.41333333e-03 1.73333333e-04 0.00000000e+00 5.82666667e-03 1.41866667e-02 3.60000000e-04 6.66666667e-05 1.73333333e-04 0.00000000e+00 0.00000000e+00 0.00000000e+00 1.46666667e-04
 6.80000000e-04 0.00000000e+00 1.08000000e-03 0.00000000e+00 2.13333333e-04 5.33333333e-04 4.93333333e-04 2.52000000e-03 9.33333333e-05 2.66666667e-04 4.19466667e-02 1.60000000e-04 4.93333333e-04 2.57333333e-03 0.00000000e+00 1.73333333e-04 1.02933333e-02 0.00000000e+00 5.96000000e-03 0.00000000e+00 6.53333333e-04 0.00000000e+00 3.40000000e-03 1.46666667e-04 0.00000000e+00 2.85733333e-02 1.45066667e-02 2.80000000e-04 6.58666667e-03 1.66666667e-03 1.12000000e-03 1.18666667e-03 1.86666667e-04 1.17200000e-02 0.00000000e+00 0.00000000e+00 1.33333333e-04 0.00000000e+00 0.00000000e+00 0.00000000e+00 0.00000000e+00 0.00000000e+00 0.00000000e+00 0.00000000e+00 4.80000000e-04 0.00000000e+00 1.06666667e-03 0.00000000e+00 0.00000000e+00 0.00000000e+00 1.20000000e-04 1.30666667e-03 3.60000000e-04 0.00000000e+00 0.00000000e+00 0.00000000e+00 1.33333333e-04 9.33333333e-05 0.00000000e+00 7.61333333e-03 4.54666667e-03 0.00000000e+00 0.00000000e+00 0.00000000e+00 6.93333333e-04 0.00000000e+00 0.00000000e+00 6.66666667e-05
 1.77333333e-03 2.26666667e-04 3.06666667e-03 0.00000000e+00 9.33333333e-05 6.66666667e-04 1.82666667e-03 5.81333333e-03 0.00000000e+00 3.73333333e-04 5.96000000e-03 1.20000000e-04 1.20000000e-04 5.64000000e-03 0.00000000e+00 5.20000000e-04 4.38400000e-02 5.96000000e-03 0.00000000e+00 0.00000000e+00 1.88000000e-03 2.53333333e-04 1.11466667e-02 1.73333333e-04 0.00000000e+00 4.15200000e-02 1.13200000e-02 8.40000000e-04 1.45466667e-02 5.69333333e-03 0.00000000e+00 3.46666667e-04 4.00000000e-04 3.09333333e-02 0.00000000e+00 6.66666667e-05 4.53333333e-04 0.00000000e+00 0.00000000e+00 0.00000000e+00 9.33333333e-05 0.00000000e+00 0.00000000e+00 0.00000000e+00 0.00000000e+00 0.00000000e+00 1.06666667e-04 0.00000000e+00 0.00000000e+00 0.00000000e+00 3.20000000e-04 4.40000000e-04 1.40000000e-03 0.00000000e+00 2.66666667e-04 0.00000000e+00 3.73333333e-04 6.66666667e-05 0.00000000e+00 7.50666667e-03 5.32000000e-03 1.33333333e-04 0.00000000e+00 1.46666667e-04 0.00000000e+00 0.00000000e+00 0.00000000e+00 0.00000000e+00
 0.00000000e+00 0.00000000e+00 6.66666667e-05 1.05946667e-01 4.40000000e-04 3.60000000e-03 8.00000000e-05 1.60000000e-03 1.54666667e-03 1.12813333e-01 0.00000000e+00 7.67466667e-02 8.00000000e-05 1.50666667e-03 1.58666667e-03 0.00000000e+00 0.00000000e+00 0.00000000e+00 0.00000000e+00 0.00000000e+00 0.00000000e+00 0.00000000e+00 0.00000000e+00 7.38666667e-03 0.00000000e+00 0.00000000e+00 0.00000000e+00 3.54133333e-02 1.52000000e-03 0.00000000e+00 0.00000000e+00 2.53333333e-04 0.00000000e+00 5.33333333e-04 0.00000000e+00 0.00000000e+00 0.00000000e+00 1.29733333e-02 0.00000000e+00 2.40000000e-04 1.33333333e-03 8.00000000e-04 1.73333333e-04 4.80000000e-03 0.00000000e+00 4.53333333e-04 0.00000000e+00 3.06666667e-04 0.00000000e+00 0.00000000e+00 0.00000000e+00 0.00000000e+00 0.00000000e+00 1.20000000e-03 0.00000000e+00 0.00000000e+00 0.00000000e+00 1.48000000e-03 0.00000000e+00 0.00000000e+00 0.00000000e+00 6.14666667e-03 2.53333333e-04 1.46666667e-04 0.00000000e+00 0.00000000e+00 0.00000000e+00 6.66666667e-05
 3.09333333e-03 0.00000000e+00 7.05333333e-03 0.00000000e+00 0.00000000e+00 8.53333333e-04 2.69733333e-02 4.17333333e-03 1.86666667e-04 1.25333333e-03 1.16000000e-03 0.00000000e+00 0.00000000e+00 5.49333333e-03 0.00000000e+00 7.67333333e-02 2.60000000e-03 6.53333333e-04 1.88000000e-03 0.00000000e+00 0.00000000e+00 1.70133333e-02 2.02466667e-01 8.40000000e-04 0.00000000e+00 1.52000000e-03 6.92000000e-03 2.80400000e-02 1.30000000e-02 1.26080000e-01 0.00000000e+00 0.00000000e+00 2.40000000e-03 2.08666667e-02 1.46666667e-04 0.00000000e+00 8.00000000e-05 0.00000000e+00 0.00000000e+00 0.00000000e+00 1.22666667e-03 1.60000000e-04 6.66666667e-05 1.06666667e-04 8.00000000e-05 0.00000000e+00 0.00000000e+00 8.00000000e-05 0.00000000e+00 9.65333333e-03 7.86666667e-04 0.00000000e+00 0.00000000e+00 0.00000000e+00 1.65333333e-02 2.40000000e-03 1.02133333e-02 1.84000000e-03 0.00000000e+00 1.33333333e-04 3.73333333e-04 5.20000000e-03 2.18666667e-03 9.68000000e-03 0.00000000e+00 0.00000000e+00 2.93333333e-04 4.80000000e-04
 8.00000000e-05 2.39600000e-02 9.73333333e-04 0.00000000e+00 1.18666667e-03 2.40000000e-04 1.29333333e-03 1.20000000e-04 6.05466667e-02 4.13333333e-04 4.13333333e-04 2.80000000e-04 2.74666667e-03 3.46666667e-04 1.77333333e-03 7.53066667e-02 1.61333333e-03 0.00000000e+00 2.53333333e-04 0.00000000e+00 1.70133333e-02 0.00000000e+00 1.92666667e-02 1.55000000e-01 3.52000000e-03 2.37333333e-03 1.22333333e-01 1.08400000e-02 3.24000000e-03 1.84133333e-02 2.53333333e-04 0.00000000e+00 9.73333333e-04 7.06666667e-04 6.66666667e-05 2.26666667e-04 9.60000000e-04 0.00000000e+00 0.00000000e+00 0.00000000e+00 9.33333333e-04 9.33333333e-05 0.00000000e+00 9.33333333e-05 2.13333333e-04 0.00000000e+00 2.40000000e-04 1.86666667e-04 0.00000000e+00 7.56000000e-03 1.86666667e-04 0.00000000e+00 0.00000000e+00 0.00000000e+00 3.09333333e-03 6.80000000e-04 7.17333333e-03 1.25333333e-03 0.00000000e+00 1.73333333e-04 5.88000000e-03 2.28000000e-03 1.00000000e-03 2.81333333e-03 6.66666667e-05 0.00000000e+00 1.20000000e-04 9.33333333e-05
 9.88000000e-03 1.09333333e-03 8.50000000e-02 0.00000000e+00 1.60000000e-04 3.74666667e-03 6.70800000e-02 2.55600000e-02 2.80000000e-04 3.32000000e-03 1.08000000e-03 6.66666667e-05 2.00000000e-04 2.47600000e-02 6.66666667e-05 1.36426667e-01 8.52266667e-02 3.40000000e-03 1.11466667e-02 0.00000000e+00 2.02466667e-01 1.92666667e-02 0.00000000e+00 2.28000000e-03 0.00000000e+00 4.36666667e-02 3.18000000e-01 7.98000000e-02 2.61466667e-02 5.28266667e-02 0.00000000e+00 5.86666667e-04 4.93333333e-04 2.87333333e-02 0.00000000e+00 7.46666667e-04 1.66266667e-02 0.00000000e+00 0.00000000e+00 0.00000000e+00 1.14666667e-03 2.26666667e-04 0.00000000e+00 2.40000000e-04 9.33333333e-05 0.00000000e+00 0.00000000e+00 1.86666667e-04 0.00000000e+00 4.65200000e-02 1.61333333e-03 8.00000000e-05 2.93333333e-04 0.00000000e+00 1.30400000e-02 4.58666667e-03 1.16480000e-01 1.64000000e-03 0.00000000e+00 4.13333333e-04 4.30400000e-02 4.34666667e-03 2.93333333e-04 2.30666667e-03 0.00000000e+00 0.00000000e+00 0.00000000e+00 7.60000000e-04
 2.26666667e-04 1.53200000e-02 9.60000000e-04 4.46000000e-02 5.22666667e-03 6.34666667e-03 2.49866667e-02 4.66666667e-03 1.02106667e-01 1.42533333e-02 6.40000000e-04 1.56400000e-02 2.08000000e-03 3.46666667e-03 9.60000000e-03 1.69733333e-02 3.49333333e-03 1.46666667e-04 1.73333333e-04 7.38666667e-03 8.40000000e-04 1.55000000e-01 2.28000000e-03 0.00000000e+00 1.46666667e-03 8.00000000e-03 5.50933333e-02 1.35520000e-01 8.93333333e-03 1.26800000e-02 3.20000000e-04 1.08000000e-03 5.16000000e-03 5.17333333e-03 2.40000000e-04 0.00000000e+00 2.80000000e-04 6.60000000e-03 0.00000000e+00 8.13333333e-04 6.54666667e-03 4.45333333e-03 3.04000000e-03 8.81333333e-03 1.86666667e-04 8.93333333e-04 2.26666667e-04 2.49333333e-03 0.00000000e+00 7.20000000e-04 2.00000000e-04 6.66666667e-05 0.00000000e+00 1.96000000e-03 1.85333333e-03 7.60000000e-04 6.53333333e-04 1.08266667e-02 0.00000000e+00 3.20000000e-04 7.60000000e-04 2.87066667e-02 2.69333333e-03 4.26666667e-03 0.00000000e+00 1.20000000e-04 6.66666667e-05 9.06666667e-04
 0.00000000e+00 2.59066667e-02 0.00000000e+00 0.00000000e+00 8.00000000e-05 0.00000000e+00 0.00000000e+00 0.00000000e+00 1.48000000e-03 0.00000000e+00 9.06666667e-04 0.00000000e+00 5.21733333e-02 0.00000000e+00 1.73333333e-04 0.00000000e+00 0.00000000e+00 0.00000000e+00 0.00000000e+00 0.00000000e+00 0.00000000e+00 3.52000000e-03 0.00000000e+00 1.46666667e-03 0.00000000e+00 1.68000000e-03 1.55200000e-02 0.00000000e+00 8.00000000e-05 0.00000000e+00 7.73333333e-04 1.06666667e-04 0.00000000e+00 0.00000000e+00 0.00000000e+00 0.00000000e+00 0.00000000e+00 0.00000000e+00 0.00000000e+00 0.00000000e+00 0.00000000e+00 0.00000000e+00 0.00000000e+00 0.00000000e+00 1.54666667e-03 0.00000000e+00 4.94666667e-03 8.00000000e-05 0.00000000e+00 0.00000000e+00 0.00000000e+00 5.73333333e-04 0.00000000e+00 0.00000000e+00 0.00000000e+00 0.00000000e+00 0.00000000e+00 0.00000000e+00 0.00000000e+00 2.26666667e-03 1.10666667e-03 0.00000000e+00 1.20000000e-04 0.00000000e+00 1.58666667e-03 1.46666667e-04 0.00000000e+00 2.66666667e-04
 8.66666667e-04 8.08000000e-03 1.00133333e-01 1.33333333e-04 3.86666667e-04 2.61333333e-03 1.46000000e-02 8.61333333e-03 9.86666667e-04 3.32000000e-03 6.31200000e-02 2.00000000e-04 3.65333333e-03 5.80000000e-03 2.00000000e-04 2.88000000e-03 1.16533333e-02 2.85733333e-02 4.15200000e-02 0.00000000e+00 1.52000000e-03 2.37333333e-03 4.36666667e-02 8.00000000e-03 1.68000000e-03 0.00000000e+00 1.18986667e-01 8.68000000e-03 5.34666667e-03 1.33333333e-03 2.50666667e-03 9.20000000e-04 1.46666667e-04 1.90533333e-02 0.00000000e+00 1.22666667e-03 4.12000000e-03 0.00000000e+00 0.00000000e+00 0.00000000e+00 8.00000000e-04 2.40000000e-04 1.06666667e-04 1.73333333e-04 2.04000000e-03 0.00000000e+00 8.70666667e-03 2.80000000e-04 0.00000000e+00 2.93333333e-04 8.01333333e-03 7.42666667e-03 1.34400000e-02 0.00000000e+00 2.13333333e-04 4.80000000e-04 7.60000000e-04 8.66666667e-04 8.26666667e-04 8.15733333e-02 7.27066667e-02 4.93333333e-04 2.66666667e-04 9.86666667e-04 3.78666667e-03 6.66666667e-05 0.00000000e+00 7.46666667e-04
 5.86666667e-04 1.09106667e-01 9.75733333e-02 2.40000000e-04 1.86666667e-03 2.24000000e-03 2.95600000e-02 2.32000000e-03 1.37866667e-02 4.57333333e-03 1.68800000e-02 5.60000000e-04 3.79733333e-02 2.26666667e-03 2.21333333e-03 1.37360000e-01 1.29013333e-01 1.45066667e-02 1.13200000e-02 0.00000000e+00 6.92000000e-03 1.22333333e-01 3.18000000e-01 5.50933333e-02 1.55200000e-02 1.18986667e-01 0.00000000e+00 5.48400000e-02 4.26666667e-03 1.25333333e-03 1.35333333e-02 1.08000000e-03 4.93333333e-04 4.89866667e-02 8.00000000e-05 5.60000000e-03 2.97600000e-02 1.73333333e-04 0.00000000e+00 1.06666667e-04 1.64000000e-03 4.93333333e-04 1.60000000e-04 2.80000000e-04 1.82666667e-03 0.00000000e+00 7.16000000e-03 8.00000000e-04 0.00000000e+00 1.09600000e-02 1.19466667e-02 5.69333333e-03 1.07733333e-02 0.00000000e+00 6.93333333e-04 4.13333333e-03 4.06933333e-02 3.45333333e-03 1.01333333e-03 7.92000000e-02 1.16373333e-01 3.38666667e-03 3.20000000e-04 5.46666667e-04 2.85333333e-03 0.00000000e+00 0.00000000e+00 6.40000000e-04
 2.26666667e-03 4.93333333e-04 1.12533333e-02 1.34080000e-01 3.06666667e-03 4.12266667e-02 2.78973333e-01 6.48000000e-03 2.18133333e-02 2.87013333e-01 2.66666667e-04 5.21333333e-03 3.60000000e-04 9.45333333e-03 4.50666667e-03 8.89333333e-03 3.17333333e-03 2.80000000e-04 8.40000000e-04 3.54133333e-02 2.80400000e-02 1.08400000e-02 7.98000000e-02 1.35520000e-01 0.00000000e+00 8.68000000e-03 5.48400000e-02 0.00000000e+00 3.38000000e-02 1.22186667e-01 0.00000000e+00 9.86666667e-04 2.30000000e-02 1.71733333e-02 4.80000000e-04 8.00000000e-05 2.93333333e-04 9.46666667e-03 6.66666667e-05 1.17333333e-03 1.19200000e-02 5.34666667e-03 3.46666667e-03 1.25600000e-02 1.86666667e-04 1.32000000e-03 9.33333333e-05 2.80000000e-03 1.20000000e-04 6.00000000e-04 1.86666667e-04 8.00000000e-05 0.00000000e+00 3.68000000e-03 3.10666667e-03 9.73333333e-04 9.73333333e-04 1.53466667e-02 0.00000000e+00 2.26666667e-04 8.26666667e-04 3.72533333e-02 4.61333333e-03 8.70666667e-03 0.00000000e+00 2.40000000e-04 2.93333333e-04 8.66666667e-04
 7.09466667e-02 1.06666667e-04 3.54666667e-03 1.90666667e-03 1.46666667e-04 5.50666667e-03 6.17600000e-02 1.49200000e-02 5.60000000e-03 2.40800000e-02 1.82933333e-02 4.48000000e-03 4.92000000e-03 5.78133333e-02 4.13333333e-04 4.13333333e-04 2.14800000e-02 6.58666667e-03 1.45466667e-02 1.52000000e-03 1.30000000e-02 3.24000000e-03 2.61466667e-02 8.93333333e-03 8.00000000e-05 5.34666667e-03 4.26666667e-03 3.38000000e-02 0.00000000e+00 7.68266667e-02 2.66666667e-04 1.49333333e-03 5.82533333e-02 2.64266667e-02 0.00000000e+00 0.00000000e+00 2.40000000e-04 2.40000000e-04 0.00000000e+00 0.00000000e+00 1.08000000e-03 3.86666667e-04 3.86666667e-04 5.46666667e-04 0.00000000e+00 0.00000000e+00 9.33333333e-05 2.40000000e-04 0.00000000e+00 1.60000000e-04 6.66666667e-05 0.00000000e+00 0.00000000e+00 9.33333333e-05 6.26666667e-04 4.00000000e-04 1.20000000e-04 2.02666667e-03 0.00000000e+00 4.53333333e-04 2.53333333e-04 4.38666667e-03 7.60000000e-04 1.32000000e-03 0.00000000e+00 0.00000000e+00 0.00000000e+00 1.20000000e-04
 2.41466667e-02 0.00000000e+00 2.66666667e-03 0.00000000e+00 1.73333333e-04 4.53333333e-04 9.26133333e-02 7.09333333e-03 1.95200000e-02 2.26666667e-04 3.26666667e-03 0.00000000e+00 8.00000000e-05 2.14000000e-02 1.86666667e-04 4.41333333e-03 1.17066667e-02 1.66666667e-03 5.69333333e-03 0.00000000e+00 1.26080000e-01 1.84133333e-02 5.28266667e-02 1.26800000e-02 0.00000000e+00 1.33333333e-03 1.25333333e-03 1.22186667e-01 7.68266667e-02 0.00000000e+00 0.00000000e+00 2.26666667e-04 3.28000000e-03 1.78666667e-02 2.26666667e-04 0.00000000e+00 1.33333333e-04 2.93333333e-04 0.00000000e+00 1.33333333e-04 4.62666667e-03 1.21333333e-03 1.61333333e-03 8.53333333e-04 6.66666667e-05 9.33333333e-05 0.00000000e+00 1.25333333e-03 0.00000000e+00 3.26666667e-03 4.26666667e-04 0.00000000e+00 8.00000000e-05 1.60000000e-04 1.02933333e-02 2.72000000e-03 2.18666667e-03 6.89333333e-03 0.00000000e+00 3.86666667e-04 3.60000000e-04 1.89600000e-02 4.17333333e-03 1.30400000e-02 0.00000000e+00 0.00000000e+00 4.26666667e-04 7.46666667e-04
 0.00000000e+00 5.06666667e-04 0.00000000e+00 0.00000000e+00 6.66666667e-05 0.00000000e+00 0.00000000e+00 6.66666667e-05 2.40000000e-04 0.00000000e+00 1.12666667e-02 0.00000000e+00 6.58666667e-03 0.00000000e+00 0.00000000e+00 0.00000000e+00 0.00000000e+00 1.12000000e-03 0.00000000e+00 0.00000000e+00 0.00000000e+00 2.53333333e-04 0.00000000e+00 3.20000000e-04 7.73333333e-04 2.50666667e-03 1.35333333e-02 0.00000000e+00 2.66666667e-04 0.00000000e+00 0.00000000e+00 3.06666667e-04 0.00000000e+00 7.06666667e-04 0.00000000e+00 6.66666667e-05 0.00000000e+00 0.00000000e+00 0.00000000e+00 0.00000000e+00 0.00000000e+00 0.00000000e+00 0.00000000e+00 0.00000000e+00 1.00000000e-03 0.00000000e+00 4.00000000e-03 0.00000000e+00 0.00000000e+00 0.00000000e+00 0.00000000e+00 6.93333333e-04 1.06666667e-04 0.00000000e+00 0.00000000e+00 0.00000000e+00 0.00000000e+00 0.00000000e+00 2.40000000e-04 3.46666667e-03 2.45333333e-03 0.00000000e+00 0.00000000e+00 0.00000000e+00 8.26666667e-04 0.00000000e+00 0.00000000e+00 0.00000000e+00
 2.93333333e-04 1.06666667e-04 2.13333333e-04 4.66666667e-04 9.33333333e-04 2.75066667e-02 1.14666667e-03 5.40000000e-02 3.33333333e-04 2.80000000e-03 9.21333333e-03 2.26666667e-03 1.11333333e-02 1.01333333e-02 7.20000000e-04 0.00000000e+00 3.46666667e-04 1.18666667e-03 3.46666667e-04 2.53333333e-04 0.00000000e+00 0.00000000e+00 5.86666667e-04 1.08000000e-03 1.06666667e-04 9.20000000e-04 1.08000000e-03 9.86666667e-04 1.49333333e-03 2.26666667e-04 3.06666667e-04 0.00000000e+00 0.00000000e+00 1.18133333e-02 0.00000000e+00 0.00000000e+00 0.00000000e+00 1.06666667e-04 0.00000000e+00 8.00000000e-05 1.33333333e-04 1.46666667e-04 0.00000000e+00 2.93333333e-04 0.00000000e+00 0.00000000e+00 0.00000000e+00 1.06666667e-04 0.00000000e+00 0.00000000e+00 0.00000000e+00 0.00000000e+00 0.00000000e+00 0.00000000e+00 0.00000000e+00 0.00000000e+00 0.00000000e+00 2.80000000e-04 0.00000000e+00 9.33333333e-05 0.00000000e+00 3.46666667e-04 0.00000000e+00 0.00000000e+00 0.00000000e+00 0.00000000e+00 0.00000000e+00 0.00000000e+00
 1.20000000e-04 0.00000000e+00 8.00000000e-05 1.60000000e-04 6.66666667e-05 3.46666667e-04 8.82666667e-03 8.00000000e-05 1.05333333e-03 1.32000000e-03 1.46666667e-03 0.00000000e+00 0.00000000e+00 0.00000000e+00 9.33333333e-05 3.46666667e-04 2.80000000e-04 1.86666667e-04 4.00000000e-04 0.00000000e+00 2.40000000e-03 9.73333333e-04 4.93333333e-04 5.16000000e-03 0.00000000e+00 1.46666667e-04 4.93333333e-04 2.30000000e-02 5.82533333e-02 3.28000000e-03 0.00000000e+00 0.00000000e+00 0.00000000e+00 1.13333333e-02 0.00000000e+00 0.00000000e+00 0.00000000e+00 0.00000000e+00 0.00000000e+00 0.00000000e+00 1.33333333e-04 6.66666667e-05 0.00000000e+00 0.00000000e+00 0.00000000e+00 0.00000000e+00 0.00000000e+00 0.00000000e+00 0.00000000e+00 0.00000000e+00 0.00000000e+00 0.00000000e+00 0.00000000e+00 0.00000000e+00 2.00000000e-04 1.60000000e-04 6.66666667e-05 2.26666667e-04 0.00000000e+00 0.00000000e+00 0.00000000e+00 4.40000000e-04 8.00000000e-05 4.80000000e-04 0.00000000e+00 0.00000000e+00 0.00000000e+00 0.00000000e+00
 4.66666667e-04 9.60000000e-04 1.60000000e-03 6.53333333e-04 8.41333333e-03 1.98666667e-03 9.74666667e-03 2.44000000e-03 1.56000000e-03 8.53333333e-03 2.10666667e-02 2.12000000e-03 1.26266667e-02 3.41333333e-03 1.86666667e-04 1.18666667e-03 2.72266667e-02 1.17200000e-02 3.09333333e-02 5.33333333e-04 2.08666667e-02 7.06666667e-04 2.87333333e-02 5.17333333e-03 0.00000000e+00 1.90533333e-02 4.89866667e-02 1.71733333e-02 2.64266667e-02 1.78666667e-02 7.06666667e-04 1.18133333e-02 1.13333333e-02 0.00000000e+00 0.00000000e+00 0.00000000e+00 2.80000000e-04 1.20000000e-04 0.00000000e+00 0.00000000e+00 5.73333333e-04 2.13333333e-04 9.33333333e-05 2.53333333e-04 8.00000000e-05 0.00000000e+00 1.06666667e-04 1.33333333e-04 0.00000000e+00 0.00000000e+00 0.00000000e+00 0.00000000e+00 8.00000000e-05 0.00000000e+00 2.00000000e-04 0.00000000e+00 2.13333333e-04 5.20000000e-04 0.00000000e+00 7.46666667e-04 5.60000000e-04 1.32000000e-03 2.13333333e-04 3.20000000e-04 0.00000000e+00 0.00000000e+00 0.00000000e+00 0.00000000e+00
 0.00000000e+00 0.00000000e+00 0.00000000e+00 0.00000000e+00 0.00000000e+00 0.00000000e+00 1.06666667e-04 0.00000000e+00 1.33333333e-04 6.66666667e-05 0.00000000e+00 0.00000000e+00 0.00000000e+00 0.00000000e+00 0.00000000e+00 0.00000000e+00 0.00000000e+00 0.00000000e+00 0.00000000e+00 0.00000000e+00 1.46666667e-04 6.66666667e-05 0.00000000e+00 2.40000000e-04 0.00000000e+00 0.00000000e+00 8.00000000e-05 4.80000000e-04 0.00000000e+00 2.26666667e-04 0.00000000e+00 0.00000000e+00 0.00000000e+00 0.00000000e+00 0.00000000e+00 0.00000000e+00 9.86666667e-04 5.20000000e-04 0.00000000e+00 1.86666667e-04 3.11733333e-02 2.46666667e-03 5.33333333e-04 5.01333333e-03 1.06666667e-03 3.06666667e-04 1.86666667e-04 5.88133333e-02 0.00000000e+00 0.00000000e+00 1.62666667e-03 4.80000000e-04 1.33333333e-03 3.86666667e-04 1.06666667e-04 2.93333333e-04 1.66666667e-03 1.62666667e-03 0.00000000e+00 2.32000000e-03 6.26666667e-04 5.61333333e-03 5.18533333e-02 3.48400000e-02 0.00000000e+00 8.00000000e-05 9.33333333e-05 1.66666667e-03
 0.00000000e+00 9.33333333e-04 1.54666667e-03 0.00000000e+00 0.00000000e+00 0.00000000e+00 0.00000000e+00 0.00000000e+00 0.00000000e+00 0.00000000e+00 1.33333333e-04 0.00000000e+00 3.86666667e-04 0.00000000e+00 0.00000000e+00 1.33333333e-04 4.66666667e-04 0.00000000e+00 6.66666667e-05 0.00000000e+00 0.00000000e+00 2.26666667e-04 7.46666667e-04 0.00000000e+00 0.00000000e+00 1.22666667e-03 5.60000000e-03 8.00000000e-05 0.00000000e+00 0.00000000e+00 6.66666667e-05 0.00000000e+00 0.00000000e+00 0.00000000e+00 0.00000000e+00 0.00000000e+00 4.57333333e-03 1.86666667e-04 1.06666667e-04 1.33333333e-04 5.86666667e-04 6.66666667e-05 3.68000000e-03 0.00000000e+00 2.00000000e-04 0.00000000e+00 6.90666667e-03 6.66666667e-05 2.66666667e-04 1.21333333e-03 5.61333333e-03 1.60000000e-04 3.78666667e-03 0.00000000e+00 1.06666667e-04 7.58666667e-03 1.68000000e-03 2.15200000e-02 2.43333333e-02 1.20133333e-02 1.55400000e-01 1.88000000e-03 0.00000000e+00 6.66666667e-05 7.73333333e-04 9.33333333e-05 0.00000000e+00 6.13333333e-04
 0.00000000e+00 3.04000000e-03 2.24400000e-02 0.00000000e+00 0.00000000e+00 0.00000000e+00 2.66666667e-04 2.80000000e-04 0.00000000e+00 0.00000000e+00 0.00000000e+00 0.00000000e+00 0.00000000e+00 1.60000000e-04 0.00000000e+00 9.06666667e-04 9.33333333e-03 1.33333333e-04 4.53333333e-04 0.00000000e+00 8.00000000e-05 9.60000000e-04 1.66266667e-02 2.80000000e-04 0.00000000e+00 4.12000000e-03 2.97600000e-02 2.93333333e-04 2.40000000e-04 1.33333333e-04 0.00000000e+00 0.00000000e+00 0.00000000e+00 2.80000000e-04 9.86666667e-04 4.57333333e-03 0.00000000e+00 1.46666667e-04 0.00000000e+00 9.06666667e-04 4.84933333e-02 2.03733333e-02 0.00000000e+00 6.96000000e-03 7.20000000e-04 0.00000000e+00 3.20000000e-04 1.62533333e-02 0.00000000e+00 2.26666667e-04 6.56666667e-02 4.66666667e-04 1.07600000e-02 0.00000000e+00 5.73333333e-03 3.86666667e-04 1.49266667e-01 6.00000000e-04 0.00000000e+00 1.06786667e-01 1.12493333e-01 9.82666667e-03 1.17333333e-03 1.41333333e-03 5.86666667e-04 0.00000000e+00 0.00000000e+00 2.18666667e-03
 0.00000000e+00 0.00000000e+00 0.00000000e+00 7.30666667e-03 1.20000000e-04 1.45333333e-03 1.48000000e-03 4.00000000e-04 1.26666667e-03 7.86666667e-03 0.00000000e+00 1.44000000e-03 0.00000000e+00 2.40000000e-04 1.06666667e-04 0.00000000e+00 0.00000000e+00 0.00000000e+00 0.00000000e+00 1.29733333e-02 0.00000000e+00 0.00000000e+00 0.00000000e+00 6.60000000e-03 0.00000000e+00 0.00000000e+00 1.73333333e-04 9.46666667e-03 2.40000000e-04 2.93333333e-04 0.00000000e+00 1.06666667e-04 0.00000000e+00 1.20000000e-04 5.20000000e-04 1.86666667e-04 1.46666667e-04 0.00000000e+00 3.46666667e-04 5.45333333e-03 1.01333333e-03 3.58666667e-03 9.36000000e-03 6.58800000e-02 2.53333333e-04 2.86933333e-02 9.33333333e-05 2.52000000e-03 1.09333333e-03 0.00000000e+00 9.33333333e-05 0.00000000e+00 9.33333333e-05 3.76666667e-02 0.00000000e+00 3.86666667e-04 0.00000000e+00 6.50000000e-02 6.66666667e-05 3.20000000e-04 8.40000000e-04 5.50533333e-02 3.05333333e-03 1.86666667e-04 0.00000000e+00 5.73333333e-04 0.00000000e+00 1.02666667e-03
 0.00000000e+00 0.00000000e+00 0.00000000e+00 0.00000000e+00 0.00000000e+00 0.00000000e+00 0.00000000e+00 0.00000000e+00 0.00000000e+00 6.66666667e-05 0.00000000e+00 0.00000000e+00 0.00000000e+00 0.00000000e+00 0.00000000e+00 0.00000000e+00 0.00000000e+00 0.00000000e+00 0.00000000e+00 0.00000000e+00 0.00000000e+00 0.00000000e+00 0.00000000e+00 0.00000000e+00 0.00000000e+00 0.00000000e+00 0.00000000e+00 6.66666667e-05 0.00000000e+00 0.00000000e+00 0.00000000e+00 0.00000000e+00 0.00000000e+00 0.00000000e+00 0.00000000e+00 1.06666667e-04 0.00000000e+00 3.46666667e-04 0.00000000e+00 6.88000000e-03 3.46666667e-04 8.40000000e-04 4.53333333e-04 3.06666667e-04 0.00000000e+00 2.40000000e-04 1.60000000e-04 1.60000000e-04 3.49333333e-03 0.00000000e+00 0.00000000e+00 0.00000000e+00 0.00000000e+00 1.06666667e-04 0.00000000e+00 4.13333333e-04 0.00000000e+00 3.68000000e-03 0.00000000e+00 2.00000000e-04 6.00000000e-04 2.02666667e-03 1.73333333e-04 8.00000000e-05 0.00000000e+00 7.17333333e-03 0.00000000e+00 1.20000000e-04
