 0.00000000e+00 0.00000000e+00 5.30666667e-03 1.06666667e-04 0.00000000e+00 0.00000000e+00 8.76000000e-03 2.77333333e-03 3.33333333e-04 3.60000000e-04 1.20000000e-04 6.66666667e-05 6.66666667e-05 7.23733333e-02 0.00000000e+00 0.00000000e+00 7.17333333e-03 7.06666667e-04 3.08000000e-03 0.00000000e+00 2.42666667e-03 0.00000000e+00 1.27866667e-02 1.14666667e-03 0.00000000e+00 9.86666667e-04 9.73333333e-04 3.32000000e-03 2.70266667e-02 1.73066667e-02 0.00000000e+00 1.46666667e-04 0.00000000e+00 2.32000000e-03 0.00000000e+00 0.00000000e+00 0.00000000e+00 0.00000000e+00 0.00000000e+00 0.00000000e+00 0.00000000e+00 6.66666667e-05 3.20000000e-04 0.00000000e+00 0.00000000e+00 0.00000000e+00 0.00000000e+00 1.20000000e-04 0.00000000e+00 9.33333333e-05 0.00000000e+00 0.00000000e+00 0.00000000e+00 0.00000000e+00 1.46666667e-04 0.00000000e+00 0.00000000e+00 5.46666667e-04 0.00000000e+00 0.00000000e+00 0.00000000e+00 3.46666667e-04 3.46666667e-04 2.00000000e-04 0.00000000e+00 0.00000000e+00 0.00000000e+00 9.33333333e-05
 0.00000000e+00 0.00000000e+00 3.89333333e-03 4.13333333e-04 8.13333333e-04 2.93333333e-04 0.00000000e+00 0.00000000e+00 1.00133333e-02 0.00000000e+00 1.00000000e-03 6.66666667e-05 2.00000000e-04 1.46666667e-04 6.13333333e-04 6.26666667e-04 1.49333333e-03 7.46666667e-04 5.57333333e-03 0.00000000e+00 0.00000000e+00 2.18666667e-02 1.01333333e-03 1.73333333e-02 2.34400000e-02 2.66666667e-03 2.61866667e-02 8.00000000e-04 2.26666667e-04 0.00000000e+00 0.00000000e+00 6.66666667e-05 0.00000000e+00 2.37333333e-03 0.00000000e+00 3.73333333e-04 5.86666667e-04 0.00000000e+00 0.00000000e+00 0.00000000e+00 0.00000000e+00 0.00000000e+00 0.00000000e+00 0.00000000e+00 2.26666667e-04 0.00000000e+00 3.01333333e-03 0.00000000e+00 0.00000000e+00 0.00000000e+00 2.53333333e-04 0.00000000e+00 0.00000000e+00 0.00000000e+00 0.00000000e+00 0.00000000e+00 1.73333333e-04 6.66666667e-05 1.73333333e-04 9.06666667e-04 2.45333333e-03 0.00000000e+00 0.00000000e+00 0.00000000e+00 1.73333333e-04 0.00000000e+00 0.00000000e+00 9.33333333e-05
 5.30666667e-03 3.89333333e-03 0.00000000e+00 1.20000000e-04 6.66666667e-05 1.41333333e-03 7.83066667e-02 1.88000000e-02 2.40000000e-04 4.18666667e-03 3.60000000e-04 2.66666667e-04 9.33333333e-05 2.76666667e-02 1.46666667e-04 1.33333333e-04 1.30893333e-01 1.54666667e-03 1.84666667e-02 8.00000000e-05 8.20000000e-03 1.04000000e-03 2.33400000e-01 1.42666667e-03 0.00000000e+00 9.13200000e-02 1.73760000e-01 9.17333333e-03 1.01333333e-02 2.78933333e-02 0.00000000e+00 2.66666667e-04 0.00000000e+00 1.71866667e-02 8.00000000e-05 6.74666667e-03 2.33733333e-02 0.00000000e+00 0.00000000e+00 0.00000000e+00 1.20000000e-04 1.06666667e-04 0.00000000e+00 0.00000000e+00 0.00000000e+00 0.00000000e+00 9.33333333e-05 9.33333333e-05 0.00000000e+00 3.73333333e-04 7.92000000e-03 1.33333333e-04 6.66666667e-04 0.00000000e+00 0.00000000e+00 8.00000000e-04 5.33333333e-03 4.93333333e-04 8.00000000e-05 6.53333333e-03 4.98533333e-02 2.53333333e-04 0.00000000e+00 1.06666667e-04 0.00000000e+00 0.00000000e+00 0.00000000e+00 6.80000000e-04
 1.06666667e-04 4.13333333e-04 1.20000000e-04 0.00000000e+00 9.73333333e-04 1.74666667e-03 1.16000000e-03 1.93333333e-03 2.26800000e-02 2.44400000e-02 1.60000000e-04 5.90666667e-03 1.06666667e-04 2.57333333e-03 1.86666667e-03 0.00000000e+00 0.00000000e+00 0.00000000e+00 0.00000000e+00 5.66533333e-02 0.00000000e+00 2.50666667e-03 9.33333333e-05 2.76000000e-02 1.73333333e-04 2.53333333e-04 1.41333333e-03 1.56400000e-02 2.18666667e-03 2.00000000e-04 0.00000000e+00 4.40000000e-04 0.00000000e+00 1.02666667e-03 0.00000000e+00 0.00000000e+00 0.00000000e+00 4.42666667e-03 8.00000000e-05 1.00000000e-03 1.33333333e-04 1.16000000e-03 1.08000000e-03 5.18666667e-03 9.33333333e-05 1.00000000e-03 1.20000000e-04 2.53333333e-04 6.66666667e-05 6.66666667e-05 0.00000000e+00 0.00000000e+00 0.00000000e+00 1.08000000e-03 8.00000000e-05 0.00000000e+00 0.00000000e+00 7.37333333e-03 0.00000000e+00 0.00000000e+00 0.00000000e+00 8.52000000e-03 4.40000000e-04 0.00000000e+00 0.00000000e+00 8.00000000e-05 0.00000000e+00 9.33333333e-05
 0.00000000e+00 8.13333333e-04 6.66666667e-05 9.73333333e-04 0.00000000e+00 3.90666667e-02 8.53333333e-04 6.00000000e-04 4.25333333e-03 2.78666667e-03 8.00000000e-05 2.61333333e-03 0.00000000e+00 1.33333333e-04 3.12533333e-02 0.00000000e+00 0.00000000e+00 0.00000000e+00 0.00000000e+00 3.06666667e-04 0.00000000e+00 1.94666667e-03 0.00000000e+00 7.20000000e-03 5.33333333e-04 2.26666667e-04 2.16000000e-03 1.92000000e-03 2.00000000e-04 0.00000000e+00 0.00000000e+00 8.17333333e-03 0.00000000e+00 3.86666667e-04 0.00000000e+00 0.00000000e+00 0.00000000e+00 0.00000000e+00 0.00000000e+00 0.00000000e+00 0.00000000e+00 0.00000000e+00 0.00000000e+00 1.06666667e-04 0.00000000e+00 0.00000000e+00 4.00000000e-04 0.00000000e+00 0.00000000e+00 0.00000000e+00 0.00000000e+00 0.00000000e+00 0.00000000e+00 0.00000000e+00 0.00000000e+00 0.00000000e+00 0.00000000e+00 0.00000000e+00 0.00000000e+00 0.00000000e+00 0.00000000e+00 1.20000000e-04 0.00000000e+00 0.00000000e+00 0.00000000e+00 0.00000000e+00 0.00000000e+00 0.00000000e+00
 0.00000000e+00 2.93333333e-04 1.41333333e-03 1.74666667e-03 3.90666667e-02 0.00000000e+00 6.08000000e-03 8.05866667e-02 5.18666667e-03 1.35106667e-01 1.82666667e-03 4.56133333e-02 6.53333333e-04 1.15066667e-02 1.13173333e-01 0.00000000e+00 1.73333333e-04 3.73333333e-04 9.33333333e-05 3.78666667e-03 8.00000000e-05 2.53333333e-04 7.46666667e-04 5.32000000e-03 2.13333333e-04 7.46666667e-04 1.45333333e-03 9.62666667e-03 8.66666667e-03 0.00000000e+00 0.00000000e+00 2.04000000e-02 0.00000000e+00 4.88000000e-03 0.00000000e+00 0.00000000e+00 0.00000000e+00 1.28000000e-03 0.00000000e+00 3.60000000e-04 1.60000000e-04 7.20000000e-04 1.60000000e-04 2.02666667e-03 0.00000000e+00 3.46666667e-04 6.66666667e-05 2.93333333e-04 0.00000000e+00 0.00000000e+00 0.00000000e+00 0.00000000e+00 0.00000000e+00 3.20000000e-04 0.00000000e+00 0.00000000e+00 0.00000000e+00 1.77333333e-03 0.00000000e+00 8.00000000e-05 1.06666667e-04 3.22666667e-03 1.73333333e-04 0.00000000e+00 0.00000000e+00 8.00000000e-05 0.00000000e+00 8.00000000e-05
 8.76000000e-03 0.00000000e+00 7.83066667e-02 1.16000000e-03 8.53333333e-04 6.08000000e-03 0.00000000e+00 4.34266667e-02 2.52000000e-03 3.04400000e-02 2.66666667e-04 1.86666667e-04 9.33333333e-05 6.32133333e-02 1.56000000e-03 0.00000000e+00 3.61333333e-03 3.60000000e-04 1.53333333e-03 6.66666667e-05 3.08000000e-03 2.00000000e-04 6.18533333e-02 1.16933333e-02 0.00000000e+00 5.69333333e-03 1.25733333e-02 3.10293333e-01 7.36000000e-03 1.29333333e-02 0.00000000e+00 5.06666667e-04 1.73333333e-04 2.98666667e-03 0.00000000e+00 0.00000000e+00 1.20000000e-04 6.93333333e-04 0.00000000e+00 2.93333333e-04 2.13333333e-04 4.80000000e-04 4.80000000e-04 1.66666667e-03 0.00000000e+00 6.66666667e-05 0.00000000e+00 3.73333333e-04 0.00000000e+00 8.00000000e-05 0.00000000e+00 0.00000000e+00 0.00000000e+00 0.00000000e+00 0.00000000e+00 0.00000000e+00 2.80000000e-04 2.13333333e-03 0.00000000e+00 8.00000000e-05 4.00000000e-04 2.42666667e-03 3.60000000e-04 9.33333333e-05 0.00000000e+00 0.00000000e+00 0.00000000e+00 8.00000000e-05
 2.77333333e-03 0.00000000e+00 1.88000000e-02 1.93333333e-03 6.00000000e-04 8.05866667e-02 4.34266667e-02 0.00000000e+00 3.29333333e-03 5.52133333e-02 1.25333333e-03 2.04266667e-02 4.00000000e-04 6.17733333e-02 1.38666667e-03 0.00000000e+00 6.10666667e-03 1.02666667e-03 3.10666667e-03 4.28000000e-03 2.05333333e-03 9.33333333e-05 1.36933333e-02 1.26666667e-02 1.33333333e-04 4.64000000e-03 3.37333333e-03 2.52133333e-02 1.05600000e-02 6.92000000e-03 0.00000000e+00 1.35066667e-02 0.00000000e+00 3.40000000e-03 2.93333333e-04 0.00000000e+00 6.66666667e-05 1.98666667e-03 0.00000000e+00 6.40000000e-04 1.36000000e-03 4.34666667e-03 1.25333333e-03 4.65333333e-03 1.73333333e-04 1.73333333e-04 9.33333333e-05 2.76000000e-03 0.00000000e+00 9.33333333e-05 0.00000000e+00 1.73333333e-04 0.00000000e+00 3.60000000e-04 1.33333333e-04 6.66666667e-05 1.20000000e-04 9.17333333e-03 0.00000000e+00 2.40000000e-04 3.33333333e-04 1.01466667e-02 2.82666667e-03 5.46666667e-04 0.00000000e+00 2.66666667e-04 1.86666667e-04 6.93333333e-04
 3.33333333e-04 1.00133333e-02 2.40000000e-04 2.26800000e-02 4.25333333e-03 5.18666667e-03 2.52000000e-03 3.29333333e-03 0.00000000e+00 1.07733333e-02 1.14666667e-03 1.53333333e-02 9.33333333e-05 2.50666667e-03 6.97333333e-03 0.00000000e+00 1.06666667e-04 2.80000000e-04 1.86666667e-04 5.76000000e-03 8.00000000e-05 3.63333333e-02 4.93333333e-04 9.29600000e-02 5.85333333e-03 1.74666667e-03 1.48666667e-02 2.38800000e-02 3.54666667e-03 1.37333333e-03 0.00000000e+00 4.40000000e-04 1.33333333e-04 1.68000000e-03 0.00000000e+00 0.00000000e+00 0.00000000e+00 2.92000000e-03 0.00000000e+00 2.13333333e-04 2.66666667e-04 2.26666667e-04 1.06666667e-04 1.86666667e-03 2.26666667e-04 3.73333333e-04 3.34666667e-03 2.13333333e-04 0.00000000e+00 6.66666667e-05 0.00000000e+00 9.33333333e-05 0.00000000e+00 4.40000000e-04 1.20000000e-04 9.33333333e-05 0.00000000e+00 2.30666667e-03 3.46666667e-04 8.00000000e-04 2.80000000e-04 4.25333333e-03 5.06666667e-04 3.46666667e-04 2.40000000e-04 9.33333333e-05 0.00000000e+00 9.33333333e-05
 3.60000000e-04 0.00000000e+00 4.18666667e-03 2.44400000e-02 2.78666667e-03 1.35106667e-01 3.04400000e-02 5.52133333e-02 1.07733333e-02 0.00000000e+00 2.53333333e-03 4.32000000e-02 8.53333333e-04 3.98400000e-02 9.32000000e-03 0.00000000e+00 2.80000000e-04 1.05333333e-03 1.86666667e-04 3.63200000e-02 8.00000000e-05 8.00000000e-05 2.44000000e-03 1.82266667e-02 3.06666667e-04 2.06666667e-03 3.44000000e-03 1.67880000e-01 1.95600000e-02 1.86666667e-04 1.06666667e-04 4.70666667e-03 0.00000000e+00 9.61333333e-03 0.00000000e+00 0.00000000e+00 6.66666667e-05 7.85333333e-03 8.00000000e-05 1.81333333e-03 1.01333333e-03 4.62666667e-03 1.25333333e-03 1.37466667e-02 1.06666667e-04 1.00000000e-03 1.46666667e-04 1.57333333e-03 2.00000000e-04 0.00000000e+00 0.00000000e+00 0.00000000e+00 0.00000000e+00 1.25333333e-03 0.00000000e+00 0.00000000e+00 1.20000000e-04 1.34133333e-02 0.00000000e+00 1.73333333e-04 4.40000000e-04 1.97466667e-02 1.41333333e-03 6.66666667e-05 0.00000000e+00 1.73333333e-04 6.66666667e-05 3.33333333e-04
 1.20000000e-04 1.00000000e-03 3.60000000e-04 1.60000000e-04 8.00000000e-05 1.82666667e-03 2.66666667e-04 1.25333333e-03 1.14666667e-03 2.53333333e-03 0.00000000e+00 1.81333333e-03 6.59333333e-02 6.72000000e-03 6.66666667e-05 1.06666667e-04 9.33333333e-05 9.17333333e-02 8.41333333e-03 3.73333333e-04 0.00000000e+00 8.26666667e-04 3.20000000e-04 1.77333333e-03 3.68000000e-03 2.97600000e-02 9.68000000e-03 1.09333333e-03 1.11866667e-02 2.13333333e-04 6.34666667e-03 3.92000000e-03 0.00000000e+00 5.20133333e-02 0.00000000e+00 0.00000000e+00 0.00000000e+00 0.00000000e+00 0.00000000e+00 0.00000000e+00 0.00000000e+00 9.33333333e-05 1.06666667e-04 0.00000000e+00 3.46666667e-04 0.00000000e+00 8.12000000e-03 1.60000000e-04 0.00000000e+00 0.00000000e+00 0.00000000e+00 1.86666667e-04 8.00000000e-05 0.00000000e+00 0.00000000e+00 0.00000000e+00 0.00000000e+00 4.00000000e-04 1.01333333e-03 2.24000000e-03 1.38666667e-03 3.20000000e-04 2.26666667e-04 6.66666667e-05 8.93333333e-04 0.00000000e+00 0.00000000e+00 2.00000000e-04
 6.66666667e-05 6.66666667e-05 2.66666667e-04 5.90666667e-03 2.61333333e-03 4.56133333e-02 1.86666667e-04 2.04266667e-02 1.53333333e-02 4.32000000e-02 1.81333333e-03 0.00000000e+00 5.86666667e-04 1.71733333e-02 7.06666667e-03 0.00000000e+00 9.33333333e-05 6.13333333e-04 6.66666667e-05 8.12000000e-03 0.00000000e+00 0.00000000e+00 1.46666667e-04 9.86666667e-04 1.33333333e-04 7.20000000e-04 8.26666667e-04 1.59333333e-02 8.90666667e-03 0.00000000e+00 1.20000000e-04 3.81333333e-03 0.00000000e+00 4.01333333e-03 0.00000000e+00 0.00000000e+00 0.00000000e+00 2.58666667e-03 0.00000000e+00 4.93333333e-04 6.66666667e-05 2.13333333e-04 1.73333333e-04 1.53333333e-03 0.00000000e+00 5.33333333e-04 8.00000000e-05 0.00000000e+00 9.33333333e-05 0.00000000e+00 0.00000000e+00 0.00000000e+00 0.00000000e+00 3.33333333e-04 0.00000000e+00 0.00000000e+00 0.00000000e+00 1.62666667e-03 0.00000000e+00 1.46666667e-04 1.06666667e-04 3.09333333e-03 0.00000000e+00 0.00000000e+00 0.00000000e+00 0.00000000e+00 0.00000000e+00 0.00000000e+00
 6.66666667e-05 2.00000000e-04 9.33333333e-05 1.06666667e-04 0.00000000e+00 6.53333333e-04 9.33333333e-05 4.00000000e-04 9.33333333e-05 8.53333333e-04 6.59333333e-02 5.86666667e-04 0.00000000e+00 1.72000000e-03 0.00000000e+00 0.00000000e+00 0.00000000e+00 8.93333333e-04 0.00000000e+00 2.53333333e-04 0.00000000e+00 1.86666667e-04 1.46666667e-04 4.93333333e-04 1.73200000e-02 4.66666667e-04 1.65333333e-03 3.73333333e-04 2.34666667e-03 0.00000000e+00 2.21333333e-03 6.66666667e-04 0.00000000e+00 6.29333333e-03 0.00000000e+00 8.00000000e-05 0.00000000e+00 0.00000000e+00 0.00000000e+00 0.00000000e+00 6.66666667e-05 0.00000000e+00 0.00000000e+00 0.00000000e+00 1.93333333e-03 0.00000000e+00 3.61733333e-02 0.00000000e+00 0.00000000e+00 0.00000000e+00 0.00000000e+00 7.86666667e-04 8.00000000e-05 0.00000000e+00 0.00000000e+00 0.00000000e+00 0.00000000e+00 1.86666667e-04 3.58666667e-03 5.62666667e-03 2.66666667e-03 1.33333333e-04 3.06666667e-04 0.00000000e+00 3.28000000e-03 0.00000000e+00 0.00000000e+00 2.40000000e-04
 7.23733333e-02 1.46666667e-04 2.76666667e-02 2.57333333e-03 1.33333333e-04 1.15066667e-02 6.32133333e-02 6.17733333e-02 2.50666667e-03 3.98400000e-02 6.72000000e-03 1.71733333e-02 1.72000000e-03 0.00000000e+00 3.46666667e-04 0.00000000e+00 1.53333333e-02 2.94666667e-03 6.93333333e-03 5.69333333e-03 5.64000000e-03 2.13333333e-04 3.31600000e-02 6.89333333e-03 2.66666667e-04 5.86666667e-03 6.18666667e-03 2.42000000e-02 1.13200000e-01 3.32133333e-02 2.40000000e-04 4.18666667e-03 0.00000000e+00 1.68400000e-02 1.86666667e-04 8.00000000e-05 1.06666667e-04 5.60000000e-04 0.00000000e+00 1.46666667e-04 5.20000000e-04 1.53333333e-03 1.06666667e-03 9.20000000e-04 8.00000000e-05 0.00000000e+00 2.40000000e-04 1.36000000e-03 0.00000000e+00 6.66666667e-05 6.66666667e-05 0.00000000e+00 0.00000000e+00 0.00000000e+00 2.26666667e-04 1.33333333e-04 0.00000000e+00 4.17333333e-03 1.20000000e-04 3.86666667e-04 5.33333333e-04 3.28000000e-03 2.21333333e-03 6.93333333e-04 0.00000000e+00 9.33333333e-05 9.33333333e-05 4.40000000e-04
 0.00000000e+00 6.13333333e-04 1.46666667e-04 1.86666667e-03 3.12533333e-02 1.13173333e-01 1.56000000e-03 1.38666667e-03 6.97333333e-03 9.32000000e-03 6.66666667e-05 7.06666667e-03 0.00000000e+00 3.46666667e-04 0.00000000e+00 0.00000000e+00 0.00000000e+00 0.00000000e+00 0.00000000e+00 1.08000000e-03 0.00000000e+00 1.52000000e-03 9.33333333e-05 1.45866667e-02 5.46666667e-04 2.66666667e-04 1.92000000e-03 4.17333333e-03 4.26666667e-04 0.00000000e+00 0.00000000e+00 7.37333333e-03 0.00000000e+00 2.80000000e-04 0.00000000e+00 0.00000000e+00 0.00000000e+00 1.06666667e-04 0.00000000e+00 0.00000000e+00 0.00000000e+00 0.00000000e+00 0.00000000e+00 1.73333333e-04 0.00000000e+00 1.20000000e-04 3.86666667e-04 0.00000000e+00 0.00000000e+00 0.00000000e+00 0.00000000e+00 0.00000000e+00 0.00000000e+00 0.00000000e+00 0.00000000e+00 0.00000000e+00 0.00000000e+00 1.73333333e-04 0.00000000e+00 1.20000000e-04 0.00000000e+00 2.26666667e-04 0.00000000e+00 0.00000000e+00 0.00000000e+00 0.00000000e+00 0.00000000e+00 0.00000000e+00
 0.00000000e+00 6.26666667e-04 1.33333333e-04 0.00000000e+00 0.00000000e+00 0.00000000e+00 0.00000000e+00 0.00000000e+00 0.00000000e+00 0.00000000e+00 1.06666667e-04 0.00000000e+00 0.00000000e+00 0.00000000e+00 0.00000000e+00 0.00000000e+00 5.46666667e-04 6.66666667e-05 1.60000000e-04 0.00000000e+00 1.51066667e-02 3.86933333e-02 8.18400000e-02 4.57333333e-03 4.26666667e-04 1.65333333e-03 1.70800000e-02 1.96000000e-03 1.06666667e-04 3.33333333e-03 0.00000000e+00 0.00000000e+00 0.00000000e+00 1.12000000e-03 0.00000000e+00 0.00000000e+00 2.13333333e-04 0.00000000e+00 0.00000000e+00 0.00000000e+00 0.00000000e+00 0.00000000e+00 0.00000000e+00 0.00000000e+00 0.00000000e+00 0.00000000e+00 1.20000000e-04 0.00000000e+00 0.00000000e+00 9.41333333e-03 6.66666667e-05 0.00000000e+00 0.00000000e+00 0.00000000e+00 2.60000000e-03 7.42666667e-03 1.82800000e-02 2.26666667e-04 0.00000000e+00 8.00000000e-05 2.65333333e-03 0.00000000e+00 3.06666667e-04 4.93333333e-04 0.00000000e+00 0.00000000e+00 0.00000000e+00 2.93333333e-04
 7.17333333e-03 1.49333333e-03 1.30893333e-01 0.00000000e+00 0.00000000e+00 1.73333333e-04 3.61333333e-03 6.10666667e-03 1.06666667e-04 2.80000000e-04 9.33333333e-05 9.33333333e-05 0.00000000e+00 1.53333333e-02 0.00000000e+00 5.46666667e-04 0.00000000e+00 6.61333333e-03 6.94533333e-02 0.00000000e+00 8.13333333e-04 8.40000000e-04 4.32266667e-02 1.54666667e-03 0.00000000e+00 1.88533333e-02 1.31440000e-01 1.12000000e-03 1.64133333e-02 2.85200000e-02 0.00000000e+00 1.33333333e-04 9.33333333e-05 1.41200000e-02 0.00000000e+00 1.85333333e-03 2.40000000e-03 0.00000000e+00 0.00000000e+00 0.00000000e+00 0.00000000e+00 0.00000000e+00 0.00000000e+00 0.00000000e+00 0.00000000e+00 0.00000000e+00 0.00000000e+00 0.00000000e+00 0.00000000e+00 1.20000000e-04 1.22666667e-03 0.00000000e+00 3.06666667e-04 0.00000000e+00 0.00000000e+00 2.93333333e-04 4.80000000e-04 1.06666667e-04 0.00000000e+00 2.60000000e-03 7.61333333e-03 0.00000000e+00 0.00000000e+00 0.00000000e+00 0.00000000e+00 0.00000000e+00 0.00000000e+00 1.73333333e-04
 7.06666667e-04 7.46666667e-04 1.54666667e-03 0.00000000e+00 0.00000000e+00 3.73333333e-04 3.60000000e-04 1.02666667e-03 2.80000000e-04 1.05333333e-03 9.17333333e-02 6.13333333e-04 8.93333333e-04 2.94666667e-03 0.00000000e+00 6.66666667e-05 6.61333333e-03 0.00000000e+00 3.36000000e-02 1.20000000e-04 9.33333333e-05 1.60000000e-04 6.53333333e-04 3.86666667e-04 7.42666667e-03 3.57333333e-02 1.70933333e-02 5.86666667e-04 5.92000000e-03 1.38666667e-03 1.88000000e-03 2.53333333e-04 0.00000000e+00 1.54400000e-02 0.00000000e+00 5.46666667e-04 0.00000000e+00 0.00000000e+00 0.00000000e+00 0.00000000e+00 0.00000000e+00 0.00000000e+00 8.00000000e-05 6.66666667e-05 0.00000000e+00 0.00000000e+00 2.52000000e-03 0.00000000e+00 0.00000000e+00 0.00000000e+00 0.00000000e+00 9.46666667e-04 9.33333333e-05 0.00000000e+00 0.00000000e+00 0.00000000e+00 0.00000000e+00 6.66666667e-05 4.50666667e-03 8.98666667e-03 7.30666667e-03 1.33333333e-04 0.00000000e+00 0.00000000e+00 7.73333333e-04 0.00000000e+00 0.00000000e+00 0.00000000e+00
 3.08000000e-03 5.57333333e-03 1.84666667e-02 0.00000000e+00 0.00000000e+00 9.33333333e-05 1.53333333e-03 3.10666667e-03 1.86666667e-04 1.86666667e-04 8.41333333e-03 6.66666667e-05 0.00000000e+00 6.93333333e-03 0.00000000e+00 1.60000000e-04 6.94533333e-02 3.36000000e-02 0.00000000e+00 6.66666667e-05 2.13333333e-04 9.33333333e-05 3.18666667e-03 8.40000000e-04 9.73333333e-04 5.13733333e-02 7.32533333e-02 4.00000000e-04 1.37333333e-02 7.24000000e-03 0.00000000e+00 1.06666667e-04 1.46666667e-04 9.70666667e-03 0.00000000e+00 5.32000000e-03 3.06666667e-04 0.00000000e+00 0.00000000e+00 0.00000000e+00 0.00000000e+00 0.00000000e+00 0.00000000e+00 0.00000000e+00 0.00000000e+00 0.00000000e+00 2.00000000e-04 0.00000000e+00 0.00000000e+00 0.00000000e+00 2.13333333e-04 1.46666667e-04 6.80000000e-04 0.00000000e+00 0.00000000e+00 0.00000000e+00 1.06666667e-04 1.06666667e-04 6.66666667e-04 1.04933333e-02 8.56000000e-03 0.00000000e+00 0.00000000e+00 0.00000000e+00 0.00000000e+00 0.00000000e+00 0.00000000e+00 1.33333333e-04
 0.00000000e+00 0.00000000e+00 8.00000000e-05 5.66533333e-02 3.06666667e-04 3.78666667e-03 6.66666667e-05 4.28000000e-03 5.76000000e-03 3.63200000e-02 3.73333333e-04 8.12000000e-03 2.53333333e-04 5.69333333e-03 1.08000000e-03 0.00000000e+00 0.00000000e+00 1.20000000e-04 6.66666667e-05 0.00000000e+00 0.00000000e+00 0.00000000e+00 9.33333333e-05 1.00666667e-02 0.00000000e+00 1.86666667e-04 3.73333333e-04 2.55600000e-02 3.13333333e-03 0.00000000e+00 0.00000000e+00 5.73333333e-04 0.00000000e+00 1.21333333e-03 0.00000000e+00 0.00000000e+00 0.00000000e+00 2.32000000e-03 0.00000000e+00 3.60000000e-04 6.66666667e-05 3.73333333e-04 1.73333333e-04 1.61333333e-03 0.00000000e+00 2.93333333e-04 0.00000000e+00 0.00000000e+00 0.00000000e+00 0.00000000e+00 0.00000000e+00 0.00000000e+00 0.00000000e+00 3.20000000e-04 0.00000000e+00 0.00000000e+00 0.00000000e+00 2.14666667e-03 0.00000000e+00 0.00000000e+00 0.00000000e+00 2.88000000e-03 1.20000000e-04 0.00000000e+00 0.00000000e+00 0.00000000e+00 0.00000000e+00 0.00000000e+00
 2.42666667e-03 0.00000000e+00 8.20000000e-03 0.00000000e+00 0.00000000e+00 8.00000000e-05 3.08000000e-03 2.05333333e-03 8.00000000e-05 8.00000000e-05 0.00000000e+00 0.00000000e+00 0.00000000e+00 5.64000000e-03 0.00000000e+00 1.51066667e-02 8.13333333e-04 9.33333333e-05 2.13333333e-04 0.00000000e+00 0.00000000e+00 7.22666667e-03 1.90920000e-01 3.40000000e-03 0.00000000e+00 1.00000000e-03 1.19866667e-02 5.36933333e-02 3.08000000e-03 9.79600000e-02 0.00000000e+00 0.00000000e+00 6.66666667e-05 6.94133333e-02 6.66666667e-05 0.00000000e+00 9.33333333e-05 0.00000000e+00 0.00000000e+00 0.00000000e+00 0.00000000e+00 0.00000000e+00 1.46666667e-04 0.00000000e+00 0.00000000e+00 0.00000000e+00 0.00000000e+00 0.00000000e+00 0.00000000e+00 7.96000000e-03 0.00000000e+00 0.00000000e+00 0.00000000e+00 0.00000000e+00 5.96000000e-03 7.56000000e-03 1.03600000e-02 1.29333333e-03 0.00000000e+00 8.00000000e-05 7.46666667e-04 3.60000000e-04 1.66666667e-03 2.45333333e-03 0.00000000e+00 0.00000000e+00 2.26666667e-04 4.00000000e-04
 0.00000000e+00 2.18666667e-02 1.04000000e-03 2.50666667e-03 1.94666667e-03 2.53333333e-04 2.00000000e-04 9.33333333e-05 3.63333333e-02 8.00000000e-05 8.26666667e-04 0.00000000e+00 1.86666667e-04 2.13333333e-04 1.52000000e-03 3.86933333e-02 8.40000000e-04 1.60000000e-04 9.33333333e-05 0.00000000e+00 7.22666667e-03 0.00000000e+00 3.07466667e-02 1.28040000e-01 8.12000000e-03 4.66666667e-04 1.56000000e-02 1.07733333e-02 6.53333333e-04 3.81333333e-03 0.00000000e+00 1.60000000e-04 0.00000000e+00 1.50666667e-03 0.00000000e+00 0.00000000e+00 1.14666667e-03 0.00000000e+00 0.00000000e+00 0.00000000e+00 0.00000000e+00 0.00000000e+00 0.00000000e+00 0.00000000e+00 4.00000000e-04 0.00000000e+00 3.37333333e-03 0.00000000e+00 0.00000000e+00 8.38666667e-03 1.33333333e-04 8.00000000e-05 0.00000000e+00 0.00000000e+00 4.00000000e-04 1.22666667e-03 3.50666667e-03 2.40000000e-04 2.53333333e-04 4.53333333e-04 4.84000000e-03 1.46666667e-04 1.46666667e-04 1.20000000e-04 2.40000000e-04 0.00000000e+00 0.00000000e+00 1.46666667e-04
 1.27866667e-02 1.01333333e-03 2.33400000e-01 9.33333333e-05 0.00000000e+00 7.46666667e-04 6.18533333e-02 1.36933333e-02 4.93333333e-04 2.44000000e-03 3.20000000e-04 1.46666667e-04 1.46666667e-04 3.31600000e-02 9.33333333e-05 8.18400000e-02 4.32266667e-02 6.53333333e-04 3.18666667e-03 9.33333333e-05 1.90920000e-01 3.07466667e-02 0.00000000e+00 1.95733333e-02 6.66666667e-05 2.12533333e-02 2.37733333e-01 1.13906667e-01 2.07066667e-02 1.42866667e-01 0.00000000e+00 2.66666667e-04 1.06666667e-04 4.55466667e-02 0.00000000e+00 7.73333333e-04 1.25066667e-02 0.00000000e+00 0.00000000e+00 0.00000000e+00 2.26666667e-04 0.00000000e+00 4.26666667e-04 1.33333333e-04 1.60000000e-04 0.00000000e+00 0.00000000e+00 0.00000000e+00 0.00000000e+00 3.10266667e-02 1.18666667e-03 2.53333333e-04 9.33333333e-05 0.00000000e+00 6.60000000e-03 1.99200000e-02 7.32266667e-02 8.40000000e-04 0.00000000e+00 2.53333333e-04 3.95866667e-02 5.33333333e-04 7.46666667e-04 1.52000000e-03 0.00000000e+00 0.00000000e+00 1.60000000e-04 8.66666667e-04
 1.14666667e-03 1.73333333e-02 1.42666667e-03 2.76000000e-02 7.20000000e-03 5.32000000e-03 1.16933333e-02 1.26666667e-02 9.29600000e-02 1.82266667e-02 1.77333333e-03 9.86666667e-04 4.93333333e-04 6.89333333e-03 1.45866667e-02 4.57333333e-03 1.54666667e-03 3.86666667e-04 8.40000000e-04 1.00666667e-02 3.40000000e-03 1.28040000e-01 1.95733333e-02 0.00000000e+00 1.00666667e-02 6.42666667e-03 8.24800000e-02 4.01866667e-02 1.42266667e-02 8.93333333e-03 0.00000000e+00 1.56000000e-03 3.86666667e-04 4.81333333e-03 8.40000000e-04 3.46666667e-04 1.60000000e-04 2.93333333e-03 0.00000000e+00 1.12000000e-03 2.08000000e-03 6.21333333e-03 9.84000000e-03 7.13333333e-03 8.13333333e-04 3.73333333e-04 5.10666667e-03 4.42666667e-03 0.00000000e+00 1.34666667e-03 2.66666667e-04 4.00000000e-04 8.00000000e-05 6.13333333e-04 2.09333333e-03 2.24000000e-03 6.53333333e-04 2.30133333e-02 4.66666667e-04 1.46666667e-03 1.05333333e-03 1.86400000e-02 9.41333333e-03 5.09333333e-03 4.00000000e-04 2.80000000e-04 7.86666667e-04 1.97333333e-03
 0.00000000e+00 2.34400000e-02 0.00000000e+00 1.73333333e-04 5.33333333e-04 2.13333333e-04 0.00000000e+00 1.33333333e-04 5.85333333e-03 3.06666667e-04 3.68000000e-03 1.33333333e-04 1.73200000e-02 2.66666667e-04 5.46666667e-04 4.26666667e-04 0.00000000e+00 7.42666667e-03 9.73333333e-04 0.00000000e+00 0.00000000e+00 8.12000000e-03 6.66666667e-05 1.00666667e-02 0.00000000e+00 2.04000000e-02 2.54000000e-02 4.26666667e-04 3.46666667e-04 0.00000000e+00 2.13333333e-03 1.46666667e-04 0.00000000e+00 2.65333333e-03 0.00000000e+00 0.00000000e+00 0.00000000e+00 0.00000000e+00 0.00000000e+00 0.00000000e+00 0.00000000e+00 0.00000000e+00 0.00000000e+00 0.00000000e+00 4.66666667e-04 0.00000000e+00 6.12000000e-03 0.00000000e+00 0.00000000e+00 0.00000000e+00 0.00000000e+00 4.66666667e-04 0.00000000e+00 0.00000000e+00 0.00000000e+00 0.00000000e+00 0.00000000e+00 0.00000000e+00 7.73333333e-04 2.62666667e-03 1.25333333e-03 0.00000000e+00 6.66666667e-05 0.00000000e+00 1.08000000e-03 0.00000000e+00 0.00000000e+00 6.66666667e-05
 9.86666667e-04 2.66666667e-03 9.13200000e-02 2.53333333e-04 2.26666667e-04 7.46666667e-04 5.69333333e-03 4.64000000e-03 1.74666667e-03 2.06666667e-03 2.97600000e-02 7.20000000e-04 4.66666667e-04 5.86666667e-03 2.66666667e-04 1.65333333e-03 1.88533333e-02 3.57333333e-02 5.13733333e-02 1.86666667e-04 1.00000000e-03 4.66666667e-04 2.12533333e-02 6.42666667e-03 2.04000000e-02 0.00000000e+00 9.16000000e-02 2.74666667e-03 4.61333333e-03 3.24000000e-03 1.36000000e-03 3.20000000e-04 6.66666667e-05 1.46533333e-02 0.00000000e+00 4.05333333e-03 3.46666667e-04 0.00000000e+00 0.00000000e+00 0.00000000e+00 6.66666667e-05 6.66666667e-05 0.00000000e+00 0.00000000e+00 1.33333333e-04 0.00000000e+00 6.96000000e-03 9.33333333e-05 0.00000000e+00 0.00000000e+00 7.33333333e-04 1.88000000e-03 6.93333333e-04 0.00000000e+00 0.00000000e+00 0.00000000e+00 0.00000000e+00 2.26666667e-04 6.92000000e-03 2.67200000e-02 2.10266667e-02 1.33333333e-04 1.46666667e-04 0.00000000e+00 1.93333333e-03 0.00000000e+00 0.00000000e+00 2.93333333e-04
 9.73333333e-04 2.61866667e-02 1.73760000e-01 1.41333333e-03 2.16000000e-03 1.45333333e-03 1.25733333e-02 3.37333333e-03 1.48666667e-02 3.44000000e-03 9.68000000e-03 8.26666667e-04 1.65333333e-03 6.18666667e-03 1.92000000e-03 1.70800000e-02 1.31440000e-01 1.70933333e-02 7.32533333e-02 3.73333333e-04 1.19866667e-02 1.56000000e-02 2.37733333e-01 8.24800000e-02 2.54000000e-02 9.16000000e-02 0.00000000e+00 5.17066667e-02 7.52000000e-03 2.98666667e-03 0.00000000e+00 4.80000000e-04 1.06666667e-04 5.76800000e-02 9.33333333e-05 1.50933333e-02 3.20133333e-02 1.20000000e-04 0.00000000e+00 0.00000000e+00 4.00000000e-04 2.66666667e-04 0.00000000e+00 2.40000000e-04 4.26666667e-04 0.00000000e+00 7.05333333e-03 1.73333333e-04 0.00000000e+00 5.25333333e-03 9.57333333e-03 1.88000000e-03 2.58666667e-03 0.00000000e+00 2.80000000e-04 4.89333333e-03 2.69600000e-02 8.80000000e-04 4.14666667e-03 3.18933333e-02 9.21066667e-02 9.46666667e-04 2.26666667e-04 3.86666667e-04 1.42666667e-03 0.00000000e+00 0.00000000e+00 1.41333333e-03
 3.32000000e-03 8.00000000e-04 9.17333333e-03 1.56400000e-02 1.92000000e-03 9.62666667e-03 3.10293333e-01 2.52133333e-02 2.38800000e-02 1.67880000e-01 1.09333333e-03 1.59333333e-02 3.73333333e-04 2.42000000e-02 4.17333333e-03 1.96000000e-03 1.12000000e-03 5.86666667e-04 4.00000000e-04 2.55600000e-02 5.36933333e-02 1.07733333e-02 1.13906667e-01 4.01866667e-02 4.26666667e-04 2.74666667e-03 5.17066667e-02 0.00000000e+00 4.02133333e-02 1.74760000e-01 6.66666667e-05 2.00000000e-03 1.40000000e-03 2.61466667e-02 9.60000000e-04 9.33333333e-05 0.00000000e+00 6.48000000e-03 6.66666667e-05 1.60000000e-03 2.96000000e-03 5.20000000e-03 3.45333333e-03 9.21333333e-03 2.93333333e-04 1.10666667e-03 4.40000000e-04 4.58666667e-03 1.06666667e-04 7.73333333e-04 1.73333333e-04 1.46666667e-04 1.20000000e-04 9.73333333e-04 1.90666667e-03 1.14666667e-03 5.20000000e-04 2.34800000e-02 8.00000000e-05 1.60000000e-04 5.73333333e-04 2.09333333e-02 1.03733333e-02 5.86666667e-03 0.00000000e+00 3.20000000e-04 6.40000000e-04 1.65333333e-03
 2.70266667e-02 2.26666667e-04 1.01333333e-02 2.18666667e-03 2.00000000e-04 8.66666667e-03 7.36000000e-03 1.05600000e-02 3.54666667e-03 1.95600000e-02 1.11866667e-02 8.90666667e-03 2.34666667e-03 1.13200000e-01 4.26666667e-04 1.06666667e-04 1.64133333e-02 5.92000000e-03 1.37333333e-02 3.13333333e-03 3.08000000e-03 6.53333333e-04 2.07066667e-02 1.42266667e-02 3.46666667e-04 4.61333333e-03 7.52000000e-03 4.02133333e-02 0.00000000e+00 4.71333333e-02 2.13333333e-04 1.70400000e-02 6.45200000e-02 8.87066667e-02 2.13333333e-04 6.66666667e-05 0.00000000e+00 3.06666667e-04 0.00000000e+00 1.06666667e-04 4.66666667e-04 1.28000000e-03 3.53333333e-03 8.26666667e-04 9.33333333e-05 0.00000000e+00 3.06666667e-04 1.14666667e-03 0.00000000e+00 1.09333333e-03 0.00000000e+00 0.00000000e+00 0.00000000e+00 0.00000000e+00 1.81333333e-03 1.44000000e-03 1.60000000e-04 6.52000000e-03 1.60000000e-04 4.66666667e-04 3.60000000e-04 3.86666667e-03 3.65333333e-03 2.42666667e-03 0.00000000e+00 9.33333333e-05 3.33333333e-04 6.53333333e-04
 1.73066667e-02 0.00000000e+00 2.78933333e-02 2.00000000e-04 0.00000000e+00 0.00000000e+00 1.29333333e-02 6.92000000e-03 1.37333333e-03 1.86666667e-04 2.13333333e-04 0.00000000e+00 0.00000000e+00 3.32133333e-02 0.00000000e+00 3.33333333e-03 2.85200000e-02 1.38666667e-03 7.24000000e-03 0.00000000e+00 9.79600000e-02 3.81333333e-03 1.42866667e-01 8.93333333e-03 0.00000000e+00 3.24000000e-03 2.98666667e-03 1.74760000e-01 4.71333333e-02 0.00000000e+00 0.00000000e+00 2.26666667e-04 0.00000000e+00 4.54933333e-02 8.00000000e-05 0.00000000e+00 6.66666667e-05 0.00000000e+00 0.00000000e+00 0.00000000e+00 1.06666667e-04 9.33333333e-05 2.04000000e-03 0.00000000e+00 0.00000000e+00 0.00000000e+00 0.00000000e+00 2.40000000e-04 0.00000000e+00 2.57333333e-03 9.33333333e-05 0.00000000e+00 0.00000000e+00 0.00000000e+00 4.37333333e-03 4.82666667e-03 9.33333333e-04 3.88000000e-03 0.00000000e+00 8.00000000e-05 2.66666667e-04 1.68000000e-03 2.69333333e-03 3.22666667e-03 0.00000000e+00 0.00000000e+00 3.06666667e-04 4.93333333e-04
 0.00000000e+00 0.00000000e+00 0.00000000e+00 0.00000000e+00 0.00000000e+00 0.00000000e+00 0.00000000e+00 0.00000000e+00 0.00000000e+00 1.06666667e-04 6.34666667e-03 1.20000000e-04 2.21333333e-03 2.40000000e-04 0.00000000e+00 0.00000000e+00 0.00000000e+00 1.88000000e-03 0.00000000e+00 0.00000000e+00 0.00000000e+00 0.00000000e+00 0.00000000e+00 0.00000000e+00 2.13333333e-03 1.36000000e-03 0.00000000e+00 6.66666667e-05 2.13333333e-04 0.00000000e+00 0.00000000e+00 1.06666667e-04 0.00000000e+00 5.06666667e-04 0.00000000e+00 0.00000000e+00 0.00000000e+00 0.00000000e+00 0.00000000e+00 0.00000000e+00 0.00000000e+00 0.00000000e+00 0.00000000e+00 0.00000000e+00 1.60000000e-04 0.00000000e+00 2.61333333e-03 0.00000000e+00 0.00000000e+00 0.00000000e+00 0.00000000e+00 1.60000000e-04 0.00000000e+00 0.00000000e+00 0.00000000e+00 0.00000000e+00 0.00000000e+00 0.00000000e+00 6.53333333e-04 1.29333333e-03 8.13333333e-04 0.00000000e+00 0.00000000e+00 0.00000000e+00 5.20000000e-04 0.00000000e+00 0.00000000e+00 0.00000000e+00
 1.46666667e-04 6.66666667e-05 2.66666667e-04 4.40000000e-04 8.17333333e-03 2.04000000e-02 5.06666667e-04 1.35066667e-02 4.40000000e-04 4.70666667e-03 3.92000000e-03 3.81333333e-03 6.66666667e-04 4.18666667e-03 7.37333333e-03 0.00000000e+00 1.33333333e-04 2.53333333e-04 1.06666667e-04 5.73333333e-04 0.00000000e+00 1.60000000e-04 2.66666667e-04 1.56000000e-03 1.46666667e-04 3.20000000e-04 4.80000000e-04 2.00000000e-03 1.70400000e-02 2.26666667e-04 1.06666667e-04 0.00000000e+00 0.00000000e+00 5.44533333e-02 0.00000000e+00 0.00000000e+00 0.00000000e+00 6.66666667e-05 0.00000000e+00 0.00000000e+00 8.00000000e-05 2.66666667e-04 8.00000000e-05 2.53333333e-04 0.00000000e+00 0.00000000e+00 8.00000000e-05 1.86666667e-04 0.00000000e+00 0.00000000e+00 0.00000000e+00 0.00000000e+00 0.00000000e+00 0.00000000e+00 0.00000000e+00 0.00000000e+00 0.00000000e+00 7.86666667e-04 0.00000000e+00 0.00000000e+00 0.00000000e+00 6.26666667e-04 3.86666667e-04 1.46666667e-04 0.00000000e+00 0.00000000e+00 0.00000000e+00 9.33333333e-05
 0.00000000e+00 0.00000000e+00 0.00000000e+00 0.00000000e+00 0.00000000e+00 0.00000000e+00 1.73333333e-04 0.00000000e+00 1.33333333e-04 0.00000000e+00 0.00000000e+00 0.00000000e+00 0.00000000e+00 0.00000000e+00 0.00000000e+00 0.00000000e+00 9.33333333e-05 0.00000000e+00 1.46666667e-04 0.00000000e+00 6.66666667e-05 0.00000000e+00 1.06666667e-04 3.86666667e-04 0.00000000e+00 6.66666667e-05 1.06666667e-04 1.40000000e-03 6.45200000e-02 0.00000000e+00 0.00000000e+00 0.00000000e+00 0.00000000e+00 4.56000000e-03 0.00000000e+00 0.00000000e+00 0.00000000e+00 0.00000000e+00 0.00000000e+00 0.00000000e+00 0.00000000e+00 0.00000000e+00 8.00000000e-05 0.00000000e+00 0.00000000e+00 0.00000000e+00 0.00000000e+00 0.00000000e+00 0.00000000e+00 0.00000000e+00 0.00000000e+00 0.00000000e+00 0.00000000e+00 0.00000000e+00 0.00000000e+00 0.00000000e+00 0.00000000e+00 1.20000000e-04 0.00000000e+00 0.00000000e+00 0.00000000e+00 1.20000000e-04 6.66666667e-05 8.00000000e-05 0.00000000e+00 0.00000000e+00 0.00000000e+00 0.00000000e+00
 2.32000000e-03 2.37333333e-03 1.71866667e-02 1.02666667e-03 3.86666667e-04 4.88000000e-03 2.98666667e-03 3.40000000e-03 1.68000000e-03 9.61333333e-03 5.20133333e-02 4.01333333e-03 6.29333333e-03 1.68400000e-02 2.80000000e-04 1.12000000e-03 1.41200000e-02 1.54400000e-02 9.70666667e-03 1.21333333e-03 6.94133333e-02 1.50666667e-03 4.55466667e-02 4.81333333e-03 2.65333333e-03 1.46533333e-02 5.76800000e-02 2.61466667e-02 8.87066667e-02 4.54933333e-02 5.06666667e-04 5.44533333e-02 4.56000000e-03 0.00000000e+00 6.66666667e-05 1.21333333e-03 2.00000000e-03 2.00000000e-04 0.00000000e+00 0.00000000e+00 2.80000000e-04 5.06666667e-04 4.93333333e-04 4.00000000e-04 1.33333333e-04 0.00000000e+00 8.13333333e-04 4.93333333e-04 0.00000000e+00 4.40000000e-04 8.93333333e-04 1.46666667e-04 1.73333333e-04 0.00000000e+00 1.60000000e-04 4.13333333e-04 1.38666667e-03 2.08000000e-03 4.93333333e-04 3.53333333e-03 7.50666667e-03 1.61333333e-03 8.13333333e-04 4.13333333e-04 1.20000000e-04 0.00000000e+00 6.66666667e-05 2.93333333e-04
 0.00000000e+00 0.00000000e+00 8.00000000e-05 0.00000000e+00 0.00000000e+00 0.00000000e+00 0.00000000e+00 2.93333333e-04 0.00000000e+00 0.00000000e+00 0.00000000e+00 0.00000000e+00 0.00000000e+00 1.86666667e-04 0.00000000e+00 0.00000000e+00 0.00000000e+00 0.00000000e+00 0.00000000e+00 0.00000000e+00 6.66666667e-05 0.00000000e+00 0.00000000e+00 8.40000000e-04 0.00000000e+00 0.00000000e+00 9.33333333e-05 9.60000000e-04 2.13333333e-04 8.00000000e-05 0.00000000e+00 0.00000000e+00 0.00000000e+00 6.66666667e-05 0.00000000e+00 8.00000000e-05 4.57333333e-03 3.06666667e-04 0.00000000e+00 1.60000000e-04 4.89600000e-02 3.18666667e-03 1.21333333e-03 1.32000000e-03 5.06666667e-04 0.00000000e+00 0.00000000e+00 3.45466667e-02 0.00000000e+00 0.00000000e+00 5.66666667e-03 1.89333333e-03 6.16000000e-03 0.00000000e+00 5.46666667e-04 1.46666667e-04 3.81333333e-03 2.12000000e-03 0.00000000e+00 5.92000000e-03 2.18666667e-03 6.41333333e-03 1.10266667e-02 3.63466667e-02 0.00000000e+00 9.33333333e-05 0.00000000e+00 1.21333333e-03
 0.00000000e+00 3.73333333e-04 6.74666667e-03 0.00000000e+00 0.00000000e+00 0.00000000e+00 0.00000000e+00 0.00000000e+00 0.00000000e+00 0.00000000e+00 0.00000000e+00 0.00000000e+00 8.00000000e-05 8.00000000e-05 0.00000000e+00 0.00000000e+00 1.85333333e-03 5.46666667e-04 5.32000000e-03 0.00000000e+00 0.00000000e+00 0.00000000e+00 7.73333333e-04 3.46666667e-04 0.00000000e+00 4.05333333e-03 1.50933333e-02 9.33333333e-05 6.66666667e-05 0.00000000e+00 0.00000000e+00 0.00000000e+00 0.00000000e+00 1.21333333e-03 8.00000000e-05 0.00000000e+00 2.86666667e-03 6.66666667e-05 2.13333333e-04 1.33333333e-04 1.60000000e-04 0.00000000e+00 1.27733333e-02 1.20000000e-04 7.60000000e-04 2.93333333e-04 1.18133333e-02 6.66666667e-05 1.16000000e-03 8.40000000e-04 5.68000000e-03 3.06666667e-04 1.13466667e-02 8.00000000e-05 2.40000000e-04 3.08666667e-02 9.20000000e-04 1.44666667e-02 2.75733333e-02 1.97066667e-02 8.77466667e-02 6.80000000e-04 3.73333333e-04 3.73333333e-04 1.06666667e-04 9.33333333e-05 0.00000000e+00 2.98666667e-03
 0.00000000e+00 5.86666667e-04 2.33733333e-02 0.00000000e+00 0.00000000e+00 0.00000000e+00 1.20000000e-04 6.66666667e-05 0.00000000e+00 6.66666667e-05 0.00000000e+00 0.00000000e+00 0.00000000e+00 1.06666667e-04 0.00000000e+00 2.13333333e-04 2.40000000e-03 0.00000000e+00 3.06666667e-04 0.00000000e+00 9.33333333e-05 1.14666667e-03 1.25066667e-02 1.60000000e-04 0.00000000e+00 3.46666667e-04 3.20133333e-02 0.00000000e+00 0.00000000e+00 6.66666667e-05 0.00000000e+00 0.00000000e+00 0.00000000e+00 2.00000000e-03 4.57333333e-03 2.86666667e-03 0.00000000e+00 0.00000000e+00 0.00000000e+00 0.00000000e+00 4.78533333e-02 1.16400000e-02 0.00000000e+00 1.44000000e-03 1.86666667e-04 0.00000000e+00 8.00000000e-05 1.27733333e-02 0.00000000e+00 1.60000000e-03 1.20000000e-01 8.13333333e-04 8.16000000e-03 0.00000000e+00 3.17333333e-03 3.64000000e-03 1.15773333e-01 3.60000000e-04 0.00000000e+00 9.05333333e-02 9.49866667e-02 6.34666667e-03 3.64000000e-03 1.08933333e-02 0.00000000e+00 6.66666667e-05 0.00000000e+00 2.49333333e-03
 0.00000000e+00 0.00000000e+00 0.00000000e+00 4.42666667e-03 0.00000000e+00 1.28000000e-03 6.93333333e-04 1.98666667e-03 2.92000000e-03 7.85333333e-03 0.00000000e+00 2.58666667e-03 0.00000000e+00 5.60000000e-04 1.06666667e-04 0.00000000e+00 0.00000000e+00 0.00000000e+00 0.00000000e+00 2.32000000e-03 0.00000000e+00 0.00000000e+00 0.00000000e+00 2.93333333e-03 0.00000000e+00 0.00000000e+00 1.20000000e-04 6.48000000e-03 3.06666667e-04 0.00000000e+00 0.00000000e+00 6.66666667e-05 0.00000000e+00 2.00000000e-04 3.06666667e-04 6.66666667e-05 0.00000000e+00 0.00000000e+00 1.16000000e-03 4.70666667e-03 4.13333333e-04 5.44000000e-03 1.67333333e-02 2.30400000e-02 4.00000000e-04 1.92666667e-02 2.13333333e-04 5.52000000e-03 1.00400000e-02 0.00000000e+00 1.06666667e-04 1.73333333e-04 0.00000000e+00 9.39066667e-02 0.00000000e+00 2.13333333e-04 1.06666667e-04 2.95200000e-02 0.00000000e+00 2.53333333e-04 7.86666667e-04 7.74533333e-02 5.06666667e-03 0.00000000e+00 6.66666667e-05 1.09333333e-03 0.00000000e+00 1.40000000e-03
 0.00000000e+00 0.00000000e+00 0.00000000e+00 8.00000000e-05 0.00000000e+00 0.00000000e+00 0.00000000e+00 0.00000000e+00 0.00000000e+00 8.00000000e-05 0.00000000e+00 0.00000000e+00 0.00000000e+00 0.00000000e+00 0.00000000e+00 0.00000000e+00 0.00000000e+00 0.00000000e+00 0.00000000e+00 0.00000000e+00 0.00000000e+00 0.00000000e+00 0.00000000e+00 0.00000000e+00 0.00000000e+00 0.00000000e+00 0.00000000e+00 6.66666667e-05 0.00000000e+00 0.00000000e+00 0.00000000e+00 0.00000000e+00 0.00000000e+00 0.00000000e+00 0.00000000e+00 2.13333333e-04 0.00000000e+00 1.16000000e-03 0.00000000e+00 6.57333333e-03 9.33333333e-05 7.73333333e-04 8.66666667e-04 1.28000000e-03 2.40000000e-04 3.13333333e-03 6.66666667e-05 7.20000000e-04 5.50800000e-02 0.00000000e+00 0.00000000e+00 0.00000000e+00 0.00000000e+00 7.46666667e-04 0.00000000e+00 6.93333333e-04 0.00000000e+00 5.69333333e-03 0.00000000e+00 0.00000000e+00 3.33333333e-04 1.21333333e-03 1.86666667e-04 0.00000000e+00 0.00000000e+00 2.96000000e-03 0.00000000e+00 1.53333333e-03
